4,715,846=20507
4,717,000=5312 21354
4,721,000=3738 5749 10973
4,722,150=4451
4,725,000=10937
4,726,000=20176
4,736,692=3637
4,737,000=5426
4,738,000=16454
4,739,000=11047
4,743,000=15205 21265
4,744,000=490 538
4,744,248=16347
4,746=2540
4,747=16671
4,752,455=1271 1301
4,757,000=3895
4,758=2019
4,763,000=5723
4,763,432=16580
4,763,793=3557
4,767,000=20655
4,774,000=3771 20257
4,775,000=1536 19267
4,776=15112
4,782,000=16385
4,783,000=3730
4,784,000=3104
4,785,000=2718
4,786,000=21271
4,787,000=8860
4,788,000=20894
4,790=15112
4,790,000=7
4,791,000=1460
4,793,000=11132
4,794,000=3626 12904
4,795=12090
4,798=367
4,798,000=9441 17032
4,799,000=4157
4,800=438 3901 16177
4,800,000=1669 2276 14948 18249 20768
4,800,840=6732 6762
4,801,000=12860
4,804,500=13179
4,805,432=19973
4,814,000=210
4,815,062=20135
4,815,188=12254
4,820,000=15692
4,821,637=20140
4,827=8939
4,828,000=5494
4,829,000=2273
4,830=2186
4,830,513=19427
4,834,000=9235
4,835,000=4494 4930
4,836,000=16458
4,837,000=11058
4,837,361=8300
4,841,000=13
4,842=14882
4,846,000=621
4,849,000=18166
4,850,000=17791 20634
4,850.4=15871
4,851,650=12258
4,855,000=6799
4,856,000=8291
4,857=16760
4,857,000=1527
4,860,000=20770 21132
4,862,046=4451
4,862,499=9562
4,864=10045
4,865,249=14954
4,866,000=9963
4,868=13190
4,868,000=9839
4,869,000=596
4,872,163=6242
4,872,279=12240
4,875,000=5321
4,877,000=21242
4,877,057=16825
4,879,000=6165 11543 18684
4,880,000=1087
4,880,427=3874
4,881,000=1084
4,883,711=20135
4,885,000=11320 11633
4,885.1=15871
4,892,153=17852
4,895,720=9566
4,895,788=16371
4,896,000=16284
4,898=2765
4,898,000=4745
4,900=656 688 12319
4,900,000=5695 6047 11333
4,901,000=494
4,902,778=12898
4,902,940=3625 3704
4,904,000=10083
4,906,670=10923
4,908,000=2789
4,909,369=2337
4,910,330=12258
4,913,000=1184
4,919.5=15871
4,920,000=6743
4,921,601=3697
4,922=1629 1641
4,924,000=8794
4,925,000=12898
4,926,000=21215
4,926,566=16802
4,930,000=8447
4,933=8511
4,933,000=12569
4,935,000=20652
4,937,378=1080
4,939,895=1080
4,941,000=6668 8291
4,943,584=5741
4,943,966=16347
4,944,000=1585 20237
4,945,000=9475
4,945,989=5437
4,946,000=21240
4,947,632=6552 6679
4,948,000=18829
4,948,622=10573
4,948,731=9029
4,949,369=18290
4,950,000=2045 18813 18913
4,951,177=16371
4,952,000=5321
4,955,000=594 5744
4,957,000=14960 15180
4,958,000=7438 13615
4,959,000=20949
4,959,932=12898
4,960,000=3602
4,961,085=183
4,963,620=19649
4,964.7=15871
4,966,000=20473
4,967,000=20237
4,968,000=3874 4774
4,969,000=6455
4,969,643=199
4,970,951=2429
4,972,683=5495
4,974,000=2918
4,974,950=12484
4,975,000=12898
4,977,105=6642
4,977,818=4257
4,978,965=4457
4,979,626=21036
4,982,000=1198 6552 6679
4,984,650=12484
4,985,000=456 3868 5576
4,987,000=20646
4,988,000=1643
4,990,000=2342
4,990,168=11340
4,992,000=11499 21406
4,995,735=7193
4-0=4294
4-1=195 5952 18866
4-1/2=1312 2049 3246 3685 4095 4112 4116 4283 4354 4443 4611 5307 5515 5529 7313 7575 7767 8642 8650 9555 10466 11327 11817 11848 12407 12655 13133 13161 13396 13731 14208 14246 14780 14889 16149 16904 21247
4-1/2p=3684
4-1/4=325 2084 3536 4412 7014 7293 7391 9198 11835 12850
4-1/8=110 10546 11226 13375
4-11=16962
4-11/16=10958
4-13/16=11817 11848
4-3/4=394 415 427 468 1925 2214 2235 2243 3685 4102 5529 5916 11347 14008 14242 14404 15412 16290 16501 19961
4-3/8=8171 9743 11806 12000 12026 12486 12671 16138 16501 17166 17936
4-36-2-10w2=3592
4-5/8=1119 2185 2215 3005 3659 4283 5831 5843 5856 7575 10730 11226 13375 14208 14884 15418 15589 15743 19891
4-7/8=2119 4856 11041 11817 11848 12482 15149 17485
4-8=14657
4-dlr=17839
4.0=115 236 432 463 1211 1301 1459 1608 1620 1854 1964 2555 2618 2994 3505 3619 3714 4081 4092 4094 4291 4944 5037 5061 5241 5985 6037 6143 6156 6182 6190 6360 6588 6893 7001 7128 7177 7200 7591 7960 8074 8283 8430 8896 10011 10091 10344 11234 11331 11341 11738 11987 12176 12341 12362 12554 12600 12664 12721 13203 13288 13690 13730 13791 13803 14891 15557 16141 16783 17402 18405 18632 18744 20791
4.0-billion-dlr=8055
4.0-liter=12894
4.00=97 714 4610 7559 8100 8615 8630 10741 13265 13465 13665 14190 14268 14450 14595 14614 18210 18679
4.0000=7538
4.0002=12654
4.003=9164
4.01=221 15921 21347
4.010=13411
4.02=3517 10297 10376 12428
4.03=355 4045 6972 8152 8636 16074 17260 17377 19174
4.04=198 2194 10145 18566 19050 20273 20309
4.043=11350
4.05=97 2994 10130 11540 15833 16074 18424 20235 21113
4.06=29 4137 4376 7225 8615 11714 12654 19174
4.0625=1921 1973
4.0635=7538
4.07=4117 5767 5836 8152 8636 10326 12748 13482 15914 16933
4.08=4064 8615
4.08/00=19511
4.080=10809
4.082=11350
4.086=12741
4.09=1906 7061 14646
4.0p=16175 18483
4.1=126 330 592 899 1026 1453 1582 1850 2261 2319 2686 2742 2902 2963 3630 3797 3981 4136 4152 4255 4290 4303 4354 4686 5139 5660 5886 6000 6067 6197 6201 6890 7443 8005 8069 8347 8431 9521 9804 10011 10737 11620 11882 11949 12160 12341 12432 12664 12682 12917 13803 13856 14441 15043 15785 16197 16465 16478 16946 17085 17422 17621 17713 18433 18491 18496 18637 18911 19038 19285 21368 21423
4.10=66 160 2311 4218 6202 7726 15875 15910
4.10/4.15=7538
4.100=13411
4.11=1016 1878 2619 3579 5274 8946 10956
4.12=419 924 9189 11805 14681 16074
4.125=8004
4.13=221 1640 1912 6996 15315 15354 16074
4.13/00=16177
4.133=273 1990 2383 2522 3455 4246 5167 5273 13256 13281 17291
4.14=1100 9237 11413 16074 16913 21330
4.14/03=13390
4.140=10809
4.15=29 1556 4679 8615 10372 13265 16073 16074 17876 17986
4.151=62
4.16=6271 8125
4.165=13411
4.17=4376 5501 6618 10297 10361 10376 13690 13791 19164
4.18=13482 21466
4.18/06=13390
4.18/07=17258
4.183=9164
4.19=11787 15921 20393
4.1p=17964
4.2=121 317 626 630 896 929 940 988 1582 1781 2652 2960 2982 3019 3065 3468 3477 3516 3619 3630 3693 3977 3981 4422 4441 4677 4827 5037 5061 5150 5225 5586 5926 5941 6237 6353 6371 6890 7061 7752 7904 7939 8056 8127 8155 8472 8815 9058 9154 9521 9645 9908 10230 10385 10567 10778 11191 11197 11870 12160 12196 12391 12426 12554 12611 12741 12771 12878 13108 15043 15546 15557 15734 15742 15957 16158 16164 16195 16207 16270 16348 16361 16503 16760 16783 17161 17170 17239 17327 17726 17811 17999 18008 18016 18353 18526 18632 18651 18911 19029 19409 19590 19760 20208 20225 20791 21169 21283 21438
4.2-mln-dlr=16517
4.20=829 4007 9210 9277 9779 9909 10317 10361 12151 12154 14675 16074 16093 20453
4.21=2429 3579 6721 11880
4.22=1343 4745 17380 20174
4.229=15935
4.23=3936 10145 16074 16163 16398 16513 16656
4.24=7823
4.25=380 807 5631 10214 10216 10614 10728 10809 12654 12917 13187 14614 15622 16074 17374 20340
4.25-4.50=19326
4.25788=14664
4.26=3936 9526
4.26/12=3447 3530
4.262=14573
4.2621=7840
4.27=221 2378 6111 7790 8971 15546
4.28=11771 19174
4.28/11=11195 11244
4.29=221 3462 3505 3833 5274 12934 16074 17875
4.2p=4089
4.3=164 432 1084 1369 1438 1656 2070 2505 2650 3512 3786 3969 4357 4641 4850 5104 5120 5220 5437 5599 5735 6259 6943 6951 7155 7222 7244 7551 7595 7607 7977 8191 8330 8363 8522 9101 9440 9869 10693 10706 11209 11331 11388 11882 12432 12758 12870 13070 13225 14862 15215 15287 15427 15557 16108 16176 16367 16475 16640 16646 16680 16702 16759 16833 16887 16940 16979 17000 17047 17061 17072 17143 17312 17375 17406 17449 17511 17513 17777 17839 17999 18433 18435 18455 18475 19028 20358 20434 20569 20807 21367 21368 21423
4.3-year=7088
4.30=221 5353 7120 7264 7674 7726 8683 9210 9610 10017 11123 16577 19066 19333 20324
4.302=5526
4.31=2744 2985 13721 15381
4.313=8004
4.32=221 4045 5767 15921 20517 20539 21330
4.33=221 11771 16074 17443 19570
4.34=198 310 9744 15928 20837
4.35=221 1132 2573 4205 6972 7883 10361 15589
4.35/25=7538
4.36=4007 5765 7790 11966
4.37=221 4082 20539
4.3742=19209
4.375=19111 19454
4.38=97 221 12149 16865 17324
4.39=5818 6301
4.4=317 432 1316 1343 1438 1732 1964 2492 2769 3073 3619 3884 3991 4019 4136 4152 4566 4572 4744 4901 5037 5061 5178 5825 5830 5886 6197 6198 6371 6602 7061 8033 8164 8350 8388 8431 8594 8611 8882 9487 9749 10385 10572 10680 11201 11227 11232 11300 11470 11827 12268 12294 12334 12395 12875 12941 14287 14441 14854 14891 15194 15536 15557 16141 16142 16348 16434 16648 16703 17527 18146 18546 18905 19065 20116 20262 20291 21229 21368 21423
4.4-gram-a-tonne=9190
4.40=5371 5470 7722 7994 8179 10711 13780 14287 14588 15914 19333
4.41=4974 5818 10083 16074 20324 20668
4.41p=3468
4.42=541 4045 9210 10445 10555 20157
4.423=1815
4.43=2428 12033
4.43/32=5809 5853
4.44=14903 19044 19053
4.445=16156
4.4450=13375
4.45=5 5888 6297 7264 8625 10956 13237 13799 14486 15952 18503
4.46=2369 8179 12216 12927 15546 15851
4.46/37=4068 4119
4.47=12829 15914
4.48=3462 3505 6999 10309 11787 21414
4.48-4.53=14371
4.49=4007 12701 12829 21117
4.5=340 356 467 508 635 878 929 990 1024 1079 1108 1127 1132 1459 1466 1652 1852 1919 2197 2279 2468 2533 2593 2782 2837 2880 2938 2986 3019 3024 3065 3188 3338 3456 3516 3786 3902 3931 4059 4074 4199 4330 4336 4811 4944 5148 5846 5885 5985 6017 6037 6075 6198 6304 6312 6406 6442 6455 6694 6708 7427 7600 7606 7655 7960 8004 8579 8610 8672 8746 8997 9105 9190 9345 9804 9928 11046 11211 11448 11781 11912 11987 12351 12394 12504 12554 12576 12600 12770 12771 13022 13058 13328 13488 14264 14671 14827 14832 14872 14892 15141 15178 15254 15337 15427 15530 15546 15589 15810 16013 16130 16139 16141 16215 16361 16400 16487 16618 16680 16689 17000 17085 17183 17220 17225 17402 17409 17508 17646 17728 17850 17903 17907 17991 18369 18579 18825 18996 19062 19075 19081 19478 19793 19877 19961 20216 20262 20569 20626 20869 20977 21057 21368 21423
4.50=882 1882 3775 4753 5104 5986 7274 7726 8615 11414 12033 12050 12310 12971 13285 13423 13588 14614 15314 15921 16163 17135 17884 18210 18298 18479 18503 19565 19698 20432 21500
4.50-4.55=14371
4.50-billion-dlr=3170
4.50-dlr=14680
4.50/37=10259
4.50/43=1921 1973
4.500=8004
4.51=734 15488
4.517=5261
4.53=18432 21016 21146
4.54=15397
4.546=5261
4.55=2179 4045 5573 6721 8600 15397 20706
4.56=4353 5236 5274 6948 7356 8522 9617 18973
4.561=13328
4.57=6352 12395 16664 17010 21142
4.58=6840 14675 20174
4.58/42=9167 9219
4.59=6353
4.5p=920
4.6=177 345 822 1608 1711 1906 1967 2843 3080 4015 4290 4638 4641 4860 4946 5245 5673 6464 6973 7547 8032 8039 8056 8103 8184 8614 8743 9556 10531 10624 11350 12477 13142 13803 15294 15509 15742 16141 16158 16791 16913 17508 17808 17901 19081 19270 19272 20358 20751 20773 20783 21398
4.60=2033 2319 7120 13265 14426 14699 15374 15910 17034
4.60-4.80=15875
4.602=12706 13167
4.61=15914 17503 19174
4.62=2994 19507 20138 20235 20304
4.625=19184
4.63=8481 8489 13019 15589
4.64=924 2378 4045 4286 11805 12394 16250
4.647=17010
4.65=5 312 13451 13799 14486 14862 14880 15952 21016
4.651=17010
4.66=2378 4443 5526 7994 15914 17503
4.67=275 5104 9708 10746 13322 15388 17135
4.68=97 10754 11771
4.69=883 5965 19110
4.6p=16141 18514
4.7=82 84 357 922 940 1118 1438 1932 2319 2963 3249 3490 3516 3777 4014 4223 5092 5805 5879 6464 6742 7008 8579 8969 10017 10531 10544 10690 10693 10757 11206 11414 11987 12677 12734 12775 12940 13420 13993 14313 15298 15413 15733 16266 16555 16644 16727 17199 17375 17385 17400 17832 17923 18042 18094 18204 18324 19144 20123 21179 21269
4.70=7409 15374
4.71=5767 12017 12151 12154 12258 12284 15921
4.71485=14664
4.72=2179 2985 3690 3792 4974 8615 9700 12154 12934 15914
4.723=880
4.73=3690 3792 8777
4.736=10690
4.74=2994 10754 15914 15921 18770
4.75=97 2319 2486 2696 5567 5889 6201 7409 8459 8853 11101 11220 11294 11752 13265 14614 15910 16116 16156 16664 17301 18770 19070 19226
4.75p=3517 15427
4.76=97 1100 17933 21379 21431
4.76057=14664
4.7619=17196
4.77=198 1556 4152 5702 7359 8522 9617 10291 10297 10341 10376 10754 11713 13350 20332
4.78=97 2221 2428 6601 16913 20538
4.79=2994 10746 10754 12443 14109 14921 18482
4.7p=9187
4.8=141 275 296 545 772 1112 1459 1552 1826 1850 1906 2601 2776 2821 2996 3358 3456 4108 4659 4937 5802 5842 6063 6967 7135 7427 7623 7685 8506 8770 8818 8848 9027 9165 9557 9645 9749 10430 11097 11227 11331 11388 11414 11600 11983 12176 12754 13313 14749 15250 15742 16116 16156 16416 16444 16684 16944 17170 17243 17924 17926 17980 18050 18475 18550 19166 19428 19478 20791
4.8-mln-dlr=16711
4.8-pct=3688
4.80=97 541 3173 9210 9277 10555 11787 15921 15950 18482
4.80989=14664
4.81=97 883 9158 9556 9639
4.82=2721 4016 4630 13237 17923
4.828/830=13379
4.829=13531
4.829/831=15625
4.83=3488 8125 8162 20598 21142
4.831/833=15625
4.84=2405 10746 11805 11948 15921 21179
4.85=97 233 2179 2994 4151
4.86=2662 5371 13573 16870 18770
4.87=8294 11990 17933 21379 21431
4.88=12033
4.89=10754 18483
4.9=304 899 1453 1618 1634 1637 2135 2269 2522 2580 2735 2906 2982 3480 3786 3925 3996 4567 4852 5039 5146 5511 6228 6349 6690 7472 7548 7585 7993 8005 8173 8262 8647 9611 9729 9749 9935 10673 11291 11350 12379 12381 13803 14720 14826 15351 15587 15619 15742 16028 16029 16207 16399 17050 17068 17685 17770 17966 18433 19575 19734 20262 20906 21223 21379
4.9-mln-dlr=2285
4.90=97 2055 3337 5767 13331 13780 14595 14675 15914 21359
4.91=1764 8600 11241 15192 21179 21392
4.912=7702
4.92=14675 21036 21146
4.93=15370
4.94=4644 8976 10525 14675
4.95=2119 7404 10297 10341 10376 11748 14436 18620
4.950=14573
4.96=8262 8636 19958
4.97=2319 12277 15921 18579
4.98=97 454 2662 16873 20332 20706
4.99=12701
4/01=12179
4/01/87=15953
4/02=12179
4/03=12924
4/04=12924
4/08/87=15953
4/1=13130
4/2/87=15871 15890
4/3/86=15890
4/3/87=14477 15871
4/6=14685
4/7=14685
40=10 18 26 39 51 79 121 166 204 270 335 342 346 386 473 538 588 635 671 730 747 779 827 862 898 913 979 1019 1073 1077 1140 1173 1208 1227 1252 1399 1415 1416 1425 1473 1476 1491 1511 1558 1580 1582 1634 1656 1723 1791 1840 1844 1992 2009 2010 2011 2108 2208 2221 2243 2337 2357 2361 2391 2423 2428 2447 2475 2514 2525 2556 2574 2671 2735 2746 2778 2973 2979 2998 3000 3032 3048 3111 3158 3174 3197 3267 3285 3303 3332 3457 3463 3466 3469 3470 3488 3510 3556 3569 3692 3718 3745 3748 3762 3779 3789 3814 3829 3839 3870 3871 3876 3884 3955 3986 3989 3990 4004 4014 4020 4037 4049 4060 4067 4086 4126 4159 4165 4218 4312 4365 4404 4405 4408 4494 4525 4527 4535 4550 4568 4589 4593 4689 4696 4855 4864 4876 4926 4942 5125 5139 5175 5187 5195 5222 5226 5235 5247 5274 5281 5435 5445 5467 5486 5503 5525 5526 5527 5567 5581 5610 5631 5770 5779 5788 5789 5837 5851 5888 5993 6052 6090 6106 6129 6130 6166 6182 6201 6202 6225 6259 6336 6338 6343 6346 6352 6376 6397 6458 6462 6470 6480 6486 6499 6570 6572 6656 6665 6670 6742 6779 6789 6826 6837 6888 6914 6926 6956 6980 6992 7095 7100 7330 7337 7455 7545 7689 7717 7801 7880 7902 7927 7950 7953 7959 8026 8056 8091 8100 8128 8136 8181 8238 8364 8372 8427 8550 8561 8598 8639 8647 8705 8738 8767 8839 8963 8982 9026 9049 9164 9202 9211 9311 9344 9371 9451 9531 9541 9543 9603 9612 9616 9659 9672 9673 9692 9703 9722 9743 9761 9771 9793 9854 9866 9877 9919 9928 9963 10007 10017 10027 10040 10043 10078 10214 10216 10268 10280 10282 10288 10291 10350 10375 10403 10408 10505 10554 10564 10586 10589 10607 10617 10628 10675 10733 10737 10751 10799 10809 10826 10830 10870 10901 10934 10954 10977 11005 11118 11149 11378 11389 11490 11564 11577 11602 11717 11763 11769 11770 11777 11781 11822 11840 11879 11921 11966 12054 12126 12154 12156 12174 12181 12195 12231 12245 12277 12286 12292 12305 12362 12397 12400 12445 12488 12489 12523 12626 12639 12664 12680 12721 12741 12749 12750 12751 12765 12768 12879 13078 13124 13225 13234 13251 13257 13260 13331 13406 13452 13453 13462 13557 13571 13618 13790 13809 13878 13894 14001 14201 14397 14427 14473 14679 14691 14702 14745 14816 14842 14864 14869 14872 14880 14911 14925 15021 15022 15043 15063 15106 15121 15128 15213 15240 15250 15272 15335 15352 15369 15389 15417 15418 15426 15488 15496 15500 15529 15534 15552 15628 15638 15665 15743 15828 15939 16005 16072 16190 16211 16233 16275 16371 16411 16420 16438 16448 16506 16570 16574 16593 16603 16630 16653 16671 16727 16753 16759 16866 16868 16939 16959 16961 17014 17079 17094 17109 17135 17139 17153 17154 17187 17199 17220 17257 17260 17275 17294 17325 17329 17339 17351 17359 17377 17434 17458 17483 17485 17488 17529 17574 17612 17643 17648 17672 17701 17789 17812 17859 17873 17928 17930 17970 18016 18029 18137 18144 18199 18213 18245 18278 18356 18404 18429 18473 18519 18523 18532 18579 18600 18699 18714 18782 18811 18816 18849 18882 18938 19006 19018 19040 19041 19065 19086 19089 19149 19220 19245 19274 19275 19278 19289 19292 19320 19344 19381 19499 19509 19532 19539 19546 19563 19590 19593 19604 19610 19660 19715 19742 19778 19831 19887 19928 19978 20050 20199 20226 20253 20269 20295 20304 20370 20461 20470 20558 20564 20583 20586 20608 20650 20672 20681 20735 20746 20758 20799 20855 20860 21044 21053 21072 21115 21142 21157 21201 21247 21272 21336 21346 21352 21435
40,000=581 640 1010 2044 2326 2542 2572 2828 2971 3017 3028 3115 3329 3574 3646 3672 3869 3898 4061 4083 4617 4711 4740 4953 5116 5244 6074 6372 7119 7162 7887 8117 8242 8265 8306 8432 8950 9253 9314 9418 9479 10342 10367 10415 11199 12348 12760 12997 15254 15618 15727 16035 16093 16131 17090 17094 17195 17257 17275 17574 18062 18382 18415 19067 19145 19589 20411 20452 21004 21338 21341
40,000/45,000=12161
40,012=1671
40,100=6112 17505
40,131=4879 5039
40,232=8633
40,292,000=1138
40,380=17505
40,425=652
40,453,000=14622
40,454=13001 13216
40,500=3948
40,500-dlr=9911
40,519=3785
40,554=13061
40,586=1139
40,600=4431
40,679=16760
40,780,000=15327
40,870=9525
40,950,000=9413
40-1/2=13115
40-1/4=12054
40-1/8=11661 12195
40-3/4=13221
40-3/8=13124
40-50=6225
40-7/8=13125
40-megabyte=661
40-mile-per-hour=19583
40-mln=5123 13096
40-pct=3688 13250
40-session=17590
40-state=10460
40-week=8708 18646
40-year=11083 11103 11167 11254 11734 12136 12337 14654 14710 15689 16565 17325 17871
40.0=1877 3480 7113 9267 9741 10431 10440 15871 16427 16525
40.00=11918
40.00-44.00=13972
40.00-45.00=14531
40.05=5383 13113 15758
40.1=4074 10097 10756 11957 12044 17558 17900 20800 21189
40.10=5516
40.19=6760
40.2=3039 7830 12426
40.25=5203
40.29=4621
40.3=2231 2691 2918 3193 8056 11750 15660 17841 18483 18610 20412 20475 20988
40.4=1541 1803 4500 5941 7883 7904 11262 12391
40.42=10444
40.45=17316 17382
40.47=10688 10703
40.5=1070 2471 3427 3541 3543 4805 6010 8005 10235 10532 13118 19427 20658 21117
40.50=393 496 1354 13703 18029 18660 18938 18979
40.54=11220
40.6=598 4123 4500 11320 11850 13803 15875 19961 20367
40.61=1402
40.67=16937 16965
40.7=620 2663 3633 3908 6010 8611 8740 8780 20225
40.72=963
40.75=12432
40.8=1160 1176 3456 5582 5583 10434 11696 14983 15875 16378 21095 21308
40.88=18263
40.9=1230 1255 1565 3156 3539 3626 3768 3958 4494 7959 10532 10801 11354 12818 13053 17558 19267
40.96=885
40/60=11533 19123
40/64=6660
400=107 137 159 264 302 335 344 382 465 850 857 919 927 1380 1501 1800 1930 1963 2128 2446 2508 2686 2776 2958 2973 3022 3023 3032 3034 3048 3054 3298 3398 3762 3915 3931 4022 4037 4048 4106 4113 4126 4172 4230 4364 4416 4422 4441 4548 4622 4669 4704 4967 5131 5172 5198 5436 5467 5479 5508 5645 5693 5777 5846 5905 5909 5927 5945 6050 6201 6209 6338 6368 6376 6382 6429 6656 7014 7020 7027 7058 7080 7088 7100 7405 7414 7428 7451 7539 7542 7553 7577 7765 7823 7995 8041 8055 8082 8166 8550 8640 8695 8792 8901 8940 9024 9125 9184 9296 9568 9675 9859 9899 10030 10054 10214 10216 10259 10296 10357 10445 10579 10748 10795 10812 10838 11222 11248 11292 11344 11375 11533 11712 11740 11766 12048 12210 12277 12443 12496 12770 12829 12938 12964 12986 13173 13181 13288 13390 13416 13530 13608 13653 14212 14692 14776 14802 14830 15014 15137 15165 15179 15293 15420 15436 15499 15510 15673 15745 15825 15830 15837 15875 16053 16133 16188 16251 16285 16320 16355 16564 16586 16589 16604 16964 16966 16978 17036 17180 17234 17258 17284 17354 17375 17435 17454 17480 17486 17488 17508 17571 17592 17619 17783 17805 17905 18176 18292 18374 18441 18594 18785 18787 18797 18877 19511 19696 19752 19878 19941 20749 21101
400,000=327 437 473 490 840 1388 1497 2248 2306 2577 2934 3287 3423 3872 3906 3949 4363 5139 5293 6031 6432 6481 6519 6550 6702 6722 7150 7465 8060 8242 8923 9203 9398 9436 9670 9696 9843 10026 10367 10581 10636 10701 10954 10956 11442 11567 11738 13141 13266 13279 13507 13614 14073 14672 15558 15985 16043 16339 16459 16911 17059 17380 17494 17578 17640 18633 18853 19069 19413 19559 19877 19883 20279 20404 20965 21147 21309
400,400=16872
400,413=2752
400,500=9027
400,518=11018
400-1,000=16779
400-500=79
400-525=13894
400-mln=6209
400-odd=9758
400-plus=18555
400-room=16124
400-student=12667
400-year-old=9696 9843
400.00=12639
400.2p=8618
400.4=18914
400.42=8619
400.7=17971
4000=11247 19707 19724 19861
4000,000=662
4000cs=19436
4000s=19436
400p=15421
401=2221 8792 12158 15227 15279 18008
401,000=9894 19648 19803 20947
401,100=8742
401,179=1033
401.2=20300
401.5=15871
401.8=21448
401.9=8630 15871
401p=8756
402=7742 11752 14930 18471
402,000=7569
402,599=8818
402,855=20670
402,925=7494
402.0=7366
402.8=15213
402.9=21219
403=4962 8759
403,000=4494 16365 20558 20657
403,000,000=6557
403,300=17238
403,600=19713
403,700=11190
403,828=6247
403,836=12359
403,945=3582
403.3=18798
403.7=9091
40390=13623 13634
404=7423 9446 17327 20992
404,000=7272 16265
404,011=2761
404,345=6809
404,394=2561
404,471=21206
404,600=7026
404,877=3785
404.1=12841
404.3=12085
405=1616 2956 2975 3861 5631 5800 6334 8161 8613 11769 12046 19760
405,000=15462 19466
405,914=7193
405.0=6591 21272
405.13=14869
405.5=19493
405.9=8702
406=8640
406,000=5680 14300
406,659=20527
406.5=20442 21044
406.6=9478 9485
4065.4=13115
407=16157
407,000=6084 8229
407,396=1532
407,400=9756
407,600=20026
407.35=6999
407.4=14517 20266
407.5=8932
407.7=9091
407.9=8158
408=1616 2950 7102 19214
408,000=327 2544 8030 15669
408,031=11031
408,170=12381
408,258=3358
408,500=12279 18305
408,518=12169
408.90/409.40=1897
409=2280 8117 16865
409,000=327 7439 11321
409,000,000=20161
409,100=6672 6674
409,383=5677
409,476=21164
409,500=14068
409.0=20225
409.00/50=1897
409.10/60=1897
409.40/90=1897
409.5=11481
409p=15421
40th=11447 13527 15534 17748 17750 17871
41=49 234 411 877 937 964 1251 1266 1292 1355 1466 1525 1527 1539 1610 1682 1733 1770 2482 2745 2980 3015 3188 3261 3470 3517 3522 3537 3546 3695 3697 3946 4317 4461 4699 4911 4922 5039 5107 5161 5312 5325 5516 5632 6073 6298 6321 6395 6714 6816 6973 7268 7439 7577 7706 7841 7925 7934 8297 8520 8731 9139 9174 9182 9202 9311 9613 9869 9952 9995 10306 10546 10637 10972 11041 11084 11085 11350 11566 11592 11685 11781 12118 12134 12179 12204 12207 12370 13115 13260 13615 14531 14859 14968 15043 15889 16151 16317 16378 16620 16670 16894 17130 18120 18760 18776 18801 18881 19427 19642 19910 20093 20221 20337 20378 20412 20448 20475 20517 20564 20628 20634 20779 20836 20920 20974 21205
41,000=603 731 1200 2172 2750 6701 7629 7645 7823 8741 9193
41,014,000=1445
41,140=17508
41,300=6504
41,365=12787
41,400=12061
41,440=652
41,454=15259
41,500=15584
41,536=14783
41,607=16079
41,662=7143
41,724=7508
41,770,000=12484
41,800=10175
41,821=10680
41,933=12254
41,960=10680
41-1/2=6739
41-1/4=15857
41-1/8=7391
41-day=13416 13530
41-year-old=1770
41.0=3023 4494 5061 7826 8289 11308 12110 16642
41.00-45.00=13972 14171
41.05=21500
41.1=13 1759 1768 3585 7439 12154 15841 17013 20680 20913 20938 21256
41.18=8125
41.2=1445 2618 5356 7830 8999 11227 11418 12818 13053 14552 16628 16705
41.211=20978
41.22=21388
41.24=6626
41.25=11782 17170
41.3=260 711 3268 3374 11500 13803 17841
41.32=16170
41.35=3228
41.4=646 2353 2386 9399 10673 11181 19469 20640
41.44=1556
41.5=968 1582 3981 4440 6324 6622 6890 8821 9354 9521 9556 12160 13006 15250 15380 15875 16520 17646 20450
41.6=6014 6383 7724 8009 10318 11385 13070 15871 16378
41.7=612 3205 5493 5802 18283 19105 20776
41.75=3205 3313 3912 5352 8115 9230 13406
41.7p=8611
41.8=1087 2687 2748 3506 6210 9556 9691 10673 15793 16759 20337 20938 21032
41.85=6970 7029
41.89=15913
41.9=260 774 6376 8296 11957 12562 12705 16615 20168 20548 21381
410=5482 5932 5958 7088 8469 13173 17460 19014 19539
410,000=6812 7026 9861 16798 16801 18436 19448
410,000,000=21378
410,821=12265
410.00/50=1897
410.1=15136
410.2=11953
410.7=11957 12389
410p=8618 16145
411,000=2718 6309 6356 16858
411,275=4257
411.1=2724
411.30=9799 9853
411.7=20269
411.8=8767
412=2186 7100 10363 11124 14930 15125 17653
412,000=12354 13211 13212
412,737=778
412,743=8140
412.1=21381
412.4=1572
413=12480
413,000=6681 21295
413,021=539 552
413,444=11031
413,462=16760
413,800=18411 18414 19431
413.1=21490
413.5=6198
413.6=6297
413.7=20885
41350.00=13340
413p=8163
414=14685 16175
414,000=5015 21135
414,331=8969
414,890=11036
414,968=4194
414.8=20191
415=12387 13653
415,000=210 10253 21295
415,493=5705
415-1/4=14555
415.1=12480
415.4=10411 21347
415.9=16367
415/418=13727 14230
416=1356 2063 9406 10546 12247 12372 12938 14612 17096
416,595=14540
416,668=21411
416,777=12572
416,832=9702
416.6=8902
416.9=1585 16969
417=14474 19918
417,000=17544 20386
417,100=2268 15413
417,552=10597
417,887=1640
417,893=5610
417-mile=8268
417.0=8391
417.2=864
417.20/419.29=3076
417.7=6771
417.8=5472
418=3779 4672 15864
418,000=3082 6146 6325 15188 16528
418,500=2227
418,733=2020
418,755=12254
418.1=8767
418.10/60=13322 13407 14481 14734
418.50=13982 13987 14250
418.50/419.00=14038
418.50/420.50=13641
418.6=21109
418.7=6790 19610 19742
418p=8685
419=3792 7543 17143 17658 20232
419,000=5969 7115 19422
419,196=1907
419,541=8654
419,600=11190
419,606=5461
419,758=5931
419,867=4753
419,900=11190
419.0=17034
419.1=3751 21264
419.15/421.25=3076
419.2=11957
419.24=5817
419.6=12477
419.7=5472
419.80=13459 13577 13987
419.88=15906
419p=15421
42=24 138 201 372 496 577 698 714 768 877 964 995 998 1096 1178 1193 1251 1258 1366 1461 1919 2092 2273 2374 2428 2490 2540 2596 2639 2699 2773 2809 2833 2910 3345 3613 3714 3784 3806 3900 3978 4007 4136 4268 4491 4562 4574 4756 4819 4975 5318 5328 5407 5492 5632 5646 5765 5779 5898 6222 6261 6641 6687 7078 7079 7330 7366 7513 7728 7736 7739 8009 8552 8678 8707 9150 9479 9672 9673 9761 9836 9978 10200 10280 10282 10338 10472 10532 10934 11130 11448 11627 11638 11814 11893 12195 12225 12236 12240 12362 12773 13006 13062 14100 14626 14653 14975 15109 15213 15238 15349 15397 15416 15478 15500 15558 15605 15683 15725 15737 15984 16211 16409 16443 16532 16987 17013 17146 17190 17281 17380 17461 17474 17543 17704 17796 17893 18065 18140 18242 18283 18287 18551 18591 18703 18827 19105 19170 19171 20117 20129 20174 20206 20207 20264 20285 20300 20357 20395 20448 20468 20566 20680 20915 20947 21051 21136 21194 21209 21260 21328 21437 21441
42,000=448 829 5339 5640 8388 10734 10773 12670 15511 16799
42,094=14783
42,137,000=16585
42,387=3015
42,469=6273
42,525=652
42,593=1618 1637
42,654=12078
42,700=11801
42,718=16561
42,750=4884 5465
42,800=1684
42,820=1861
42,824=11305
42,840=7432
42,874,000=21113
42-1/8=3912
42-3/4=14279
42-3/8=15857
42-7/8=6707
42-80=15642
42-story=18926 19296
42.0=920 3315 11711 11820 12154 12862 15855 15875
42.00=393 9230 10644
42.00-43.00=13894 14052
42.1=8036 8745 12258 14088 14277 15194 16885
42.125=5748
42.2=1498 4745 5911 6048 6165 6476 7491 13854 14552 16520 16615 18204 20841
42.23=7757
42.2p=8614
42.3=1367 2342 4291 6014 8155 8948 9792 13803 16643
42.35=148
42.4=3852 6308 6466 15427 15695
42.42=8125
42.44=11645
42.45=17167 19294
42.48=18494
42.5=1481 1854 2833 3486 4852 6309 6310 6349 10473 10548 11370 11724 15349 16997 17101 17460 17469 18435
42.50=21287
42.56=9749
42.58=16966
42.6=2048 5704 6187 6261 6376 13803 15913 17379 20266 20517
42.69=20170
42.7=2454 3215 3896 6466 10229 11666 12645 15240 18483 18499 21195 21315
42.70=15906
42.72=1917 9728 9734
42.75=1000
42.77=3501
42.8=6496 19813 19977
42.86=6970 7029
42.9=1258 3257 4612 5704 8226 10008 14872 15875 16297 18646 20392
42.91=14597
420=137 724 1921 1973 5246 8761 9139 9191 10845 10873 12387 12573 12621 13727 14001 14230 17914 18006 18007 18839 20276
420,000=150 371 2382 4063 6237 6432 8134 13279 14145 17380 19304 19644 20008
420,500=14623
420-1/4n=14555
420.0=13608
420.00/420.50=14250
420.00/50=14793
420.2=11718
420.24=18527
420.25/75=13322
420.3=11111 21489
420.5=2055
420.50=18527
420.55=15906
420.8=8350
420.81=20099
420a=4766
421=3517 3792 8138 9552 15568 17207
421,000=5214 10557 11877 17547
421,306=9678
421,451=2752
421,500=800
421,759=21256
421.00=2110
421.10/60=13322
421.4=8577
421.5=11957
421.50/422=14250
421.50/422.00=13459 13577 14038
421.8=8010
421.8/422.2=13423
421.80/422.20=14038
421.9=2657
421.90/422.40=13407 13459 13987
421p=8163
422=710 5216 21116
422,000=4057 11350 12500 19915
422,037=8488
422.0=6790 15519
422.1=15279
422.25/3.25=14481 14786
422.25/423.25=14734 14793
422.3=316
422.37=20046
422.4=20181
422.50/423=13987
422.60=13434
422.80/423.20=14793
423=8777 15875
423,000=2748
423,064=10135
423,659=4162
423.00/423.50=14786
423.20=13434
423.5=7264
423.50=13759
423.60=14358
423.95=3024
424=302 1616 19294
424,000=7223 7318
424,700=7026
424,719=5043
424,865=2765
424.2=20207
424.8=2021 2023
424.81=5163
424/426=13495
425=307 637 1336 2975 5800 6658 7088 7629 7645 8164 8510 9770 9821 10546 10990 11181 15987 16460 18838 19273
425,000=303 4622 5214 9738 10089 10459 10840 15887 16803
425.00=13434 14797
425.1=1585
425.20=14358
425.4=3474 3564
425.9=20937
426=2186 10280 10282 10436 13608
426,000=2602 14300 15188
426.20=14481 14797
426.30=12639
426.4=19761
426.50=13641 14481
427=8328 10309
427,000=800 6552 6679
427,054=11255
427,061=5757
427,749=4330
427.3=10284
427.4=11953
427.48=16105
427.50=14797
428=6596 6637 7640 13256 13266
428,000=14397 17015
428,977=16760
428.1=20187 20833
428.30/430.44=12522 12877
428.4=15438 16628
428.40=3432
428.75=4811
428.8=8702
428p=8618
429=4131 16402
429,000=19815
429,800=2456
429.15/431.30=11944 12522
429.3=6123 7880
429.35/431.50=13919
429.6=16628
429.9=7739
4291=14460
4293=14444
43=157 422 652 968 998 1084 1527 1575 1677 1732 1734 1749 1890 2028 2042 2048 2085 2435 2557 2658 2826 2866 2928 2980 2989 3070 3151 3188 3306 3511 3631 3900 3977 4058 4438 4788 4844 5122 5276 5345 5351 5410 5672 5731 5787 6017 6105 6594 6738 7012 7190 7200 7366 7397 7531 8001 8031 8163 8376 8409 8457 8472 8580 8585 8661 8863 8899 9031 9076 9328 9544 9930 9994 9995 10250 10278 10393 11028 11299 11470 11543 11671 11709 13064 13118 13417 13534 13564 13627 13854 13878 14030 14206 14569 14702 14755 14988 15110 15347 15601 15605 15702 16077 16360 16432 16727 16888 16996 17029 17101 17461 18287 18590 18975 18976 19280 19369 19584 19871 20658 20800 21012 21165 21188 21260 21490
43,000=1877 3445 3786 3801 4250 5975 6921 9093 15264 20415
43,006=2613
43,064=4436
43,075=13111
43,185=1633
43,295=6505
43,428,000=19598
43,449,000=16545
43,500=1440 1537 8286 8317
43,521=1616
43,540=10720
43,600=19451
43,602,000=1445
43,680=105
43,725=16765
43,792,000=2194
43,800=10175
43,900=13179 14378
43,925,000=1445
43-3/4=17166
43-3/8=3727 10546
43-day=19512
43-dlr-a-share=17812
43-km=17054
43-mile=8914
43-year=386 8439
43-year-old=15361
43.0=1381 6837 8745 15875
43.00=1440 3511
43.00-46.00=14052
43.05=17101
43.1=860 5596 8140 15103 17896 20440 21236
43.10=4137
43.11=15906
43.13=12628
43.147=1440 1537 3511
43.15=10644
43.17=11173
43.19=4137 11220
43.2=3543 6655 10284 11505 12042 12520 13162 14262 16378 18008 18223 20561
43.22=11173
43.248=6486
43.25=834 13097
43.294=1657
43.3=864 1461 10741 16533 16760 16938 17901 20217
43.30/43.50=3511
43.31=19617
43.35=4610
43.39=8125
43.4=13 6165 7482 9112 9590 16791 18482 19901 21379
43.45=1440
43.5=1854 5802 7483 8033 8846 8964 20165
43.50=3511 3979
43.5884=6794
43.6=837 11750 15307 15793 16705 20291
43.61=10287
43.69=12117
43.699=1440
43.7=2019 2335 3952 7072 7731 8702 9590 13018 16569 16587 16600 21413
43.73=14299
43.75=8100 13265
43.8=335 1285 2196 3593 5089 5321 6254 6349 7008 7330 7686 8611 12127 12426 16103 17869
43.80=2982 6948
43.87=13019
43.9=1502 1861 3486 11308 15043 15250 15875 20356 21480
43.92=6948
43.98=16545
430=1918 2428 5412 6757 6866 7088 7892 8065 9160 9560 9799 9853 9899 12981 15390 15584 15864 17460 19294 19544
430,000=2091 11160
430,027=12572
430,029=12254
430,143=18180
430,200=1835
430,364=12704
430,373=20976
430,649=1449
430.06=4644
430.15/432.30=12877
430.2=3214
430.3=8158
430.50/432.65=11944
430.60/432.75=13919
430.9=20515
431=3507 5726 17141 20393
431,000=1642 9756
431,093=7680
431.0=15871
431.56=4811
431.7=18709
4310=14444
432=3350 14474 15864
432,000=3730 19787 20274 20900
432,458=16422
432,800=17238
432,982=12572
432.00/50=16162
432.06=5817
432.1=8481 20209
432.20=3024
432.20/70=16072
432.7p=8618 8685
4321=13634
433=364 5711 12116 15864 15875 16064
433,000=640 4103 20659
433,395=20976
433,424=20381
433,487=14275
433,745=18029
433,875=1446
433.4=11060
433.50/434.00=16162
434,000=2750 6309 9029
434,087=19440
434,682=10135
434-billion-yen=19037
434.1=20391
434.4=1198
434.49=16134
435=5608 6869 7965 16939
435,000=6248 9557 10974 14145 16015 18294
435,176=12341
435,610=4351
435,727=8654
435,800=7569
435,900=2227 9201
435.3=3462
435.4=20515
435.5=21347
435.9=20235
436=864 8095 8138 17469
436,000=21224
436,500=15045
436,981=10972
436.50=16009 16162
4361=2152
437=317 1008 7022
437,000=2807 8160
437,425=3239
437,500=3506 17633
437.8=20273 20309
437.9=11713
437p=19507
438=9209 16759 21260
438,000=5264
438,933=11031
438.5=21385
439=933 4893 4962 10594 18194
439,000=1285 4363 16432 18483
439,100=10921 10922
439.5=11499
439.80=15906
43p=7603
43rd=5113
44=211 254 359 575 750 798 864 1072 1082 1168 1608 1628 2039 2106 2132 2491 2556 2693 2778 2965 2982 3451 3619 3792 3807 4142 4554 4775 4796 4816 4974 4989 5261 5297 5308 5415 5432 5473 5527 5774 5887 6052 6084 6451 6495 6504 6533 6539 6669 6766 6770 6945 6963 6980 7019 7060 7092 7139 7165 7512 7517 7871 7985 8226 8292 8697 8708 8799 9025 9075 9101 9158 9161 9210 9277 9547 9583 9610 9673 9779 9889 10045 10115 10579 10887 11106 11109 11299 11504 11687 11987 12463 12633 12641 12651 12701 12857 12861 12926 13615 13662 14190 14531 14840 14865 15500 15731 15864 15973 16171 16196 16251 16486 16732 16741 16813 16987 17101 17242 17301 17574 17601 17648 17717 17766 17893 17940 18731 18829 18938 19002 19134 19360 19428 19679 19680 19849 19874 19974 20251 20419 20479 20531 20634 20654 20712 20744 20794 20806 21037 21047 21053 21055 21199 21219 21235 21260 21352 21453
44,000=377 586 1300 1332 5825 9937 14572 18607 21304
44,092,000=93
44,100=7013
44,132=9678
44,174=17672
44,207=20004
44,268=9817
44,400=6672
44,483=13294 14716
44,500=9911
44,541=6051
44,600=159 17651
44,640=2765
44,700=2456
44,826=12224
44,913=4041 4125
44,980=14783
44-1/4=18590
44-3/8=9487
44-4/9=3119
44-7/8=15149
44-nation=9225
44-year-old=12887 16059 17432
44.0=646 2269 2562 3346 5635 7112 8048 8050 8051 13080 15875 15949 16525 20876
44.00=3511
44.01=14299
44.05=4938 12117
44.1=123 1137 1551 1919 2483 5342 5965 6261 6476 6513 7491 8644 11862 16619 17248 17306 18006
44.10=6486
44.125=1578
44.17=11673
44.2=2007 3257 11138 11234 11448 11932 15307 20949
44.25=4270 7665 16163 19880
44.29=6999 7001
44.3=1160 1176 2231 4775 7811 8745 12042 20304 20517
44.32=11918
44.34=2744
44.38=10688
44.4=422 1877 4642 6353 13165 17846 21049
44.480=19869
44.5=2481 3512 3545 3902 3931 5219 7135 9465 9519 9827 11209 11227 13162 14862 16346 16759 17250 18471 20488 21379
44.50=6486
44.54=8112
44.6=4223 6225 10614 16378 16584 17243 17869
44.60=14638 14748
44.7=4511 5544 6363 6455 7074 8702 9161 13331 20920
44.72=16938
44.8=140 1524 6218 9519 12477 20119 20900 21412
44.819=6486 6998 9207 9305
44.87=2149
44.9=4132 6261 6298 13803
440=403 465 1918 3558 3792 4943 5589 8748 8971 12059 16129 19266
440,000=2164 2954 3361 4788 4908 9618 12778 15357 16808 17519 19703
440.00=16162
440.2=16250
440.3=11
440.5=2548
440.7=21356
4400=9050
441=15986
441,000=1689 6084 11690
441,659=16350
441,836=3634
441.04=6358
441.1=17965
441.25=17468
441.5=11499
441.6=2483
442=4131 4630 5726 7187 12630 12696
442,000=13 12649
442,000,000=6557
442,420=6105 6594
442,498=18988
442,532=4219
443=13250 14279 15781 20569
443,000=8743 11632 16641 18463 20386 20432
443,300=7026
443,404=4820
443,850=12484
443.0=13803
443.1=13803
443.90=19053 19067
444=14453
444,387=21042
444,646=4606
444,975=6642
444.10=17922
444.4=21490
444.78=15906
445=15500 15678 17557
445,000=12625 16093 17067 19812 19862 20384
445,0000=605
445,379=15482
445,400=313
445,440=17831 17838
445,509=17802
445,874=20362
445.2=20370
445.8=15871 20414
446=79 2576 12621 18295
446,000=12362 20363 20380
446,005=1355
446,288=17630
446,426=1344
446,505=12359
446,805=8458
446.1=20517
446.2=1096 11953
446.26=4644
446.4=11302
446.8=4590
4462=13438
447=14474 15987
447,000=16655 16815
447,200=13179
447,548=13026
447.5=20370
447.7=20256
448=2130 13501 13993 16402
448,000=2618 16346
448,344=4436
448.4=5587
448.5=14517 20256
448.79=1325
448.8=316
448.82=4811
449=5907 13588
449,000=5048 5417 5898 19365
449,200=7026
449,253=8654
449,533=4194
449,600=11190
449,920=1861
449.5=21362
449.6=1105
44mb=12496
44th=6409 10846
45=1 38 51 109 243 329 393 462 714 735 740 848 983 1238 1254 1284 1288 1449 1469 1634 1718 1779 1918 2097 2168 2347 2357 2366 2495 2518 2556 2986 2991 3044 3110 3296 3400 3479 3585 3606 3746 3763 3817 3862 3873 4130 4215 4216 4276 4277 4283 4389 4469 4554 4630 4901 4930 4938 5188 5258 5275 5283 5299 5339 5359 5445 5576 5587 5593 5672 5888 5953 6063 6084 6104 6113 6165 6179 6201 6590 6649 6929 7066 7139 7156 7217 7260 7323 7335 7403 7577 7589 7631 7729 7794 7833 7838 8055 8227 8272 8314 8340 8445 8468 8541 8567 8629 8854 8890 8964 8970 8986 9177 9179 9221 9227 9233 9244 9372 9385 9487 9547 9633 9667 9672 9714 9733 9742 9779 9796 9807 9850 9872 9913 9947 9975 10078 10080 10115 10133 10140 10150 10163 10258 10313 10321 10338 10478 10733 10799 10822 10869 10874 10919 10978 11053 11085 11128 11453 11543 11568 11655 11671 11672 11824 11872 11916 11954 12077 12122 12413 12647 12732 12827 12914 13051 13078 13224 13225 13269 13322 13420 13435 13576 13606 13634 13993 14417 14605 14685 14702 14733 14734 14797 14832 15264 15495 15601 15667 15843 15894 15983 16085 16221 16314 16411 16508 16520 16521 16680 16710 16961 17048 17101 17106 17585 17655 17724 17796 17822 18040 18068 18134 18219 18353 18438 18466 18679 18776 18834 18871 18897 18938 18983 19008 19065 19066 19123 19155 19407 19470 19510 19660 19691 20037 20050 20132 20285 20364 20379 20406 20502 20517 20549 20591 20701 20767 20812 20823 20915 20928 20983 21049 21131 21175 21237 21261 21460
45,00,000=20215
45,000=1663 3082 3115 3492 3669 5654 6074 7501 8319 8770 9163 9726 9912 10415 10964 11177 11987 12818 13053 16327 16436 16494 17731 19145 20208
45,015=8875 8900
45,270=17508
45,300=20026
45,340=18300
45,400=16589 16604
45,406=13687
45,517,000=6234
45,690=5121
45,696=11402
45,810,000=19598
45,870=6354
45-1/2=16307
45-3/8=7391
45-5=12248
45-50=56 4624
45-7/8=20396
45-kg=16093
45-mln-dlr=2180
45.0=1295 2522 4249 6165 6787 9519 12516 15753 15871 18953 19504
45.00=74 9207 9305 13972
45.06=2110
45.1=6 6210 7157 11272 14860 15495
45.1-mln-dlr=3812
45.10=6948
45.12=17901
45.15=20170
45.2=774 2033 5530 7752 12524 12664 13256 13266 17988 18354 18482 19493
45.22=15026
45.23=19562
45.25=251
45.26=5815
45.263=12628
45.3=2714 4081 4092 7948 11416 15336 18526
45.30=8112
45.34=6948
45.4=983 2522 10889 15103 20913
45.5=1258 3629 8614 8707 9126 9576 13803 14572 15814 16628 16791 17480 17486 17783 17805 20540
45.50=4687 5276 17101 21287
45.50-46.00=14281
45.51=5207
45.52=5003
45.56=11241 11673 14597
45.6=183 1650 8032 8039 8611 8745 11377 11435 15875 17254 17289 19259 21441
45.64=5207
45.678=9305 9349 9746 11826 11893 12423
45.68=21388
45.7=1096 1481 2484 6533 7870 15041 15917 18052 19041
45.72p=9160
45.73=5345
45.74=18563
45.75=9207 9305
45.79=8600
45.79p=11220
45.8=2353 2386 3480 7102 9860 10840 13250 16520 20119
45.85=1174
45.87=15906
45.9=7008 15336 17703
45.9249=14664
45.93=12432
45/46=14671
450=302 375 382 408 999 1008 1140 1374 1472 1603 1970 2423 2651 2975 3391 3529 4037 4106 4126 4477 4508 4527 4643 4893 5137 5366 5800 5819 5861 5905 5909 6618 6981 7020 7022 7551 7595 8038 8068 8505 8825 8988 9139 9799 9853 10239 10546 11624 12878 13507 13536 13606 13704 13752 14212 14395 14833 15500 15864 15875 16179 16251 16285 16318 16961 17284 17480 17486 17700 17783 17805 17895 17947 18093 18194 18507 18891 19038 19164 19208 19558 20550
450,000=1903 4405 4941 5139 5185 5544 5933 6376 6657 6897 7304 7336 8060 8729 8763 8862 9351 10119 13546 13790 14716 15464 15511 17059 20689
450,900=13179
450-mln-dlr=11624
450.0=14092
450.1=1529
4500=1041 11672
45020=13634
451=109 7499 7731 7937 15864 16050
451,000=187 1128 10235 18166 18238
451.3=9465
451.4=21354
451.51=5163
451.6=18627
452=4089 4098 15472 17694
452,000=6681 8337 11354 11630
452,723=848
453,000=3784 5894 11569
453,300=125 5442
453,924=10097
453.00=3432
453.28=6999
453.4=3474 3564
453/455=13495
453p=6608
454=1380 7316 18479 21392
454,000=1643 2298 2754 4117 20601
454,546=18197
454.0=1677 1734 11302
454.5=18284
454.50/455=13686
454.7=998
454.9=10284
455=302 629 2293 5222 12814 15736 20304
455,000=7338 8698 11143 11987 16097
455,866=10600
455.00=13536
455.2=8391
455.50=13608
456=411 6054 7588 8850 11811 14364 15641
456,000=1285 3768 5956 20913 21242
456,000-square-foot=9416
456,004=705 7302
456,900=3547
456,968=366
456.0=13929
456.00=13980
456.2=4893 7927
456.6=9706
457=8903 12463
457,000=2365 6298
457.0=13929
457.2=15871
457.5=20529
457p=7753
458,000=1449 2350
458,176=3872
458,823=20927 21214
458.0=4149
458.2-r=11953
458.51=1325
459=6708 11374
459,000=10083 16346 20008 20363
459,067=8140
459,100=11190
459,131=1293
459,500=2437
459,503=20493
459-hectare=16971
459.01=20046
459.2=17965
4592=14474
459p=10748
45th=7450
46=41 66 160 169 372 698 877 964 1246 1381 1490 1575 1854 1877 1890 2203 2276 2342 2491 2752 3026 3056 3059 3210 3557 3795 3860 3890 3912 3923 4313 4363 4404 4537 4608 4719 5161 5325 5570 5763 6010 6146 6215 6758 6963 7001 7272 7427 7543 7620 8170 8310 8314 8355 8526 8707 8872 8874 8956 9184 9206 9233 9270 9648 10130 10393 10552 11031 11299 11369 11499 11504 11543 11659 11661 12379 12505 12744 12789 13615 14436 14698 14919 15000 15028 15065 15141 15149 15369 15467 15565 15573 15613 15757 15806 16124 16163 16238 16375 16398 16513 16569 16656 16727 16890 16909 16921 16964 17079 17100 17136 17207 17449 17506 17641 17669 17694 18174 18499 19099 19271 19304 20376 20753 20803 20825 20874 20894 20913 20931 20976 21150 21155 21188
46,000=320 4040 4747 4914 7410 8579 9193 9915 10038 11475 11621 11631 11649 20464 20774 21322
46,054,000=7441
46,056=12951
46,198=14783
46,236=2557
46,254=46
46,300=3901
46,332=17828
46,400,000=4777
46,417,000=16476
46,433,000=1445
46,500=8792
46,541=8683
46,632=12991
46,652,000=13828
46,725=652
46,867=4686
46,896=12951
46,899=12787
46-1/4=5474
46-55=17332
46-dlr-per-share=11504
46-member=10649
46-year-old=20662
46.0=6787 8976 9207 9305 11479 19680 21441
46.00=14052 14171
46.00-46.50=14167 14344
46.06=6690
46.1=4094 6022 6210 6554 7330 7796 10861 11359 13803 15891 15892 16382 16520 17086 20285 21045
46.15=3210
46.2=2478 3241 6540 16118
46.25=19348
46.26=17101
46.3=6162 11234 12160 12449 17035
46.35=17276
46.36=9037
46.4=1502 4810 7139 11884 16496 18646 20651 21089
46.40=11826 11893 14923
46.40/46.50=14988
46.496=14988 15017 15394
46.5=852 3156 4155 5219 6248 6335 7331 8033 8155 8163 11721 16798 17101 17474
46.50=14923
46.50-47.00=14160 14188
46.50-47.50=13859
46.51=9506
46.59=18321
46.6=2865 4291 6014 8140 8209 9111 15832 15841 16525 16628 16820 18223 20392 21386
46.64=3518
46.7=2205 7102 13878 16840 18432
46.70=17887
46.72=4152
46.74=18274
46.75=17579
46.8=2055 5437 7728 8745 12150 14862 20535
46.80=11826 11893
46.85=887
46.864=11893 12423 12790 14289 14372 14885 14923 14988 15394
46.9=1658 1751 6456 6799 8292 9066 13118 15427 16760 20217 21437
46.99=10349 10407
46.9p=10318
460=1072 1082 1991 3792 4084 5276 6708 9125 9799 9853 10737 12122 12191 14869 15504 15864 15875 17460
460,000=1902 3602 5214 10083 10214 10216
460,600=17574
460.5=20822
460.6=5837
460.7=13803
460p=11192
461=1008 5005
461,485=4457
461.8=20213
462=2061 4756 9048 13576
462,000=1902 5744 6386
462,048=1640
462,400=16021
462,629=12922
462,802=12743
462.1=13803
462.43=19064
462.8=3760 7838
463=2819 3529 7430
463,000=5827
463,146=2765
463,354=18849
463,473=10879
463,768=12922
463.5=15588
464=1840 12814 13687 13993 15742 16050
464,000=4892 5576
464,042=16645
464,400=800
464,600=17238
464.0=5635
464.1=4094
464.2=12262 20938
464.6=644
464.7=8865 9048 12477
464p=6608
465=9139 11279 13561 15770
465,000=2044 20650
465,043=3909
465.1=21266
465.6=20395
465.8=8540
4650=14136
466=19084 19085 19353
466,000=6475 8047 12995 15807
466,668=1452
466,754=1577
466,800=11190
466.0=11711 14512
466.5=21308
467=2221 11220 20474
467,000=41 538 4216 5100 12659 16911
467.9=20256
468=3179 5767 15986
468,000=10855
468,500=14833
468,859=19849
468.1=21473
468.2=15871
468.5=20269
468.6=20682
468p=14872
469=12813
469,000=7465 7676 8750 10964 18769
469,100=6344
469,200=9562 9563
469,274=5431
469,695=12381
469,900=9201
469.0=16601
469.1=6534
469.2=9930 21362
469.3=7870
469.5=2653
469.6=1495 20569
47=334 335 413 598 620 1011 1060 1080 1188 1529 1741 2061 2118 2407 3189 3303 3405 3451 3486 3502 3569 3593 3670 3887 3895 4310 4525 4765 4788 5208 5575 5668 5898 5950 6147 6240 6590 6636 6669 7003 7133 7359 7455 8024 8057 8068 8235 8280 8585 8595 8661 8708 8738 8799 8868 8879 9158 9884 10436 10599 10919 10980 11137 11685 11690 11884 12195 12211 12250 12440 12612 12616 12851 13019 13115 13492 13712 14132 14847 14983 15110 15116 15128 15167 15177 15370 15472 15559 15939 16007 16103 16117 16175 16234 16347 16476 16496 16735 16875 16921 17101 17214 17264 17433 17508 17560 17970 18048 18166 18480 19313 19325 19655 19915 20176 20226 20276 20304 20332 20340 20368 20396 20440 20581 20586 20640 20655 20711 20912 20974 21232 21336 21367
47,000=2001 2172 4049 7451 11472 14928 19814 20752
47,100=816
47,105,000=21113
47,144=11230
47,299=15668
47,344=2825
47,470=4914
47,499=6172
47,500=6824
47,592=5039
47,732,000=11494
47,745=3901
47,749=4361 4385
47,792,000=16585
47,800=20026
47,895=652
47,900=18115
47-1/2=7279 9530 12264
47-3/4=2375
47-3/8=2084
47-dlr-a-share=17184
47-member=8124
47.0=922 2342 2522 5437
47.00=14344
47.00-48.00=13858
47.02=9760
47.06=17375
47.1=66 1445 3463 3801 5475 6014 6047 8677 15586 19610 19742
47.1p=8614
47.2=66 920 7108 13256 15871 19617 21224
47.3=3721 6680 7826 8475 12352 20233 20488
47.4=3721 8254 8999 9427 10099 10225 10284 11300 15101 15380 19978 20598 20744 21441
47.42=2257 18352 18551 18563
47.47=9037 11673
47.5=573 667 728 4086 6282 8702 10008 13014 13266 21175
47.50=9173 9249 17507 17700
47.50-48.00=14119
47.5485/6437=13324
47.6=145 644 8644 9008 12798 16885 20117
47.6538/7492=13324
47.68=14597
47.69=19348
47.7=1498 10287 10673 12488 15126 20166
47.73=15391
47.8=860 3721 7495 10045 11331 14963 20225
47.835=18109
47.9=2205 3721 4081 4092 12380 14276 16297 18646
47.91=2449
47.97=6690
470=3798 5275 9799 9853 11224 11404 11717 12181 17095 18407 19014
470,000=1135 1317 9025 11134 16421 17059 18429 19961 20658
470,100=12722
470,600=800
470,700=15045
470,778=16347
470.7=15380
470.8=2483
471=18541
471,000=12705 18849
471,157=19849
471,208=4884
471,891=2557
471.3=16367
471.5=11957
471.6=21381
472=2061 2428 4657 4692 7588 11414 11530
472,000=2298 8056 11316 18463
472,254=8458
472,500=15531
472,642=16645
472,812=15259
472,900=2978
472.0=4205 15871
472.3=11 4197
472.4=10284 10342 11918
472.5=20391
472.86=20046
473=1947 2428 17474 19544
473,000=6234 12721
473,500=7026
473,784=9896 9970
473.1=17034
473.5=7332
473.6=21109
473.7=11957
473.9=7441
473.99=18277
474=6547 16081
474,000=5426 8477 9453 9489 10561 18910 20546 21166
474,156=12381
474,270=11031
474,556=20814
474,819=21257
474,879=12898
474,900=2224
474,944=3358
474.3=20999
474.4=7821
474.5=5064
475=217 496 3023 6241 6806 7421 9710 10690 10990 12013 13993 14331 14691 15864 15875 16216 17664
475,000=1160 1176 1386 5933 13826 16803 18256
475.6=2253 4893
475p=13393
476=17369
476,000=1384 2700 3784 16658 18713 20190 20546
476.4=16367
477=679 14207 15020 15547 15581 15875 20045
477,000=16708
477,200=1354
477,853=21460
477.26=15906
477.5=7739
478=2742 4682 15774
478,000=8047
478,125=17957
478,394=14728 14730
478,568=8973
478,700=3668 4169
478,800=2978
478,991=11019
478.9=4094 11713
479=3179 4692 5464 10280 10282 10291 13489 14056 14087 15191 15891 16134
479,000=1103
479,200=18429
479.2=13712
479.67=5817
479.7=11 3462 13856
479p=10714
47th=17297
48=560 575 837 852 1380 1621 1854 2012 2484 2778 2828 3582 3811 4192 4475 4699 4805 4870 4972 5170 5297 5359 5592 5796 5953 6063 6306 6524 6601 6680 6760 6783 6876 6945 7043 7263 7331 7794 7880 7902 8052 8087 8094 8111 8289 8318 8330 8477 8582 8761 8796 8927 9174 9273 9378 9478 9485 9623 9631 10084 10338 10411 10616 11085 11299 11307 11367 11416 11588 11630 11740 11882 11896 12115 12520 13145 13938 14190 14531 14671 14689 15014 15028 15040 15084 15153 15350 15445 15613 15678 15722 15881 16042 16656 16681 16727 16766 16800 16871 17026 17101 17264 17542 17676 17951 18444 18658 18699 18808 19733 19760 19951 19982 20181 20226 20723 21218 21238 21240 21255 21256 21336
48,000=272 1561 2777 3191 3458 3881 4083 6063 6104 7272 11964 13269 13656 15376 16346 17015 19203 19680 20443 21286
48,024,000=14622
48,062=16079
48,075=16999
48,097=18830
48,195=20270
48,200=313
48,200,000=20302
48,337,000=14622
48,394=13066
48,443=1743
48,473=17607
48,500,000=7120
48,567=10196
48,602,000=20450
48,622,000=20450
48,700,000=15548
48,709=11588
48,711=20736
48,741,000=65
48,772=17492
48,820=16099
48,878,000=17556
48,900=816 14647
48-1/2=1741 11504 13489
48-1/8=17812
48-3/4=3864 12213
48-5/8=3683 11504
48-foot=10521
48-hour=16871
48-mopnth=1427
48-passenger=8471
48.0=6 2642 7061 8614 13080 14860 14872 20119
48.00-49.50=14657
48.05=5345
48.06=15391
48.07=2149 17276
48.09=10011
48.1=1854 5039 5967 7155 8140 16628 20266
48.125=3839
48.14=15906
48.2=2333 3721 5257 7062 7261 7404 13216 16283 16760 20223
48.22=9178 10267 10606 11214
48.25-49.00=14163
48.3=864 1544 3491 6465 10691 12381 13162 15056 15104 15974 20119 20339
48.30=6999 7001
48.31=6690 9037
48.380=18109
48.4=2568 4123 5894 7062 14153 15871
48.4585=14664
48.5=2005 6047 7155 8826 12488 13214 17508 18432 21379 21431
48.50=3638 4895 15422 16163 16398 16513 16656 16727
48.50-49.50=14052
48.50-49.75.=14171
48.6=6 4893 10978 11957 20234
48.67=10644
48.7=6 327 920 4581 11270 11733 13165 16429 19015
48.75=16991
48.8=1919 2888 6047 7459 8158 8750 10292 15043 15875 21227
48.80=19494
48.82=18321
48.84=18858 18902
48.85=7541
48.9=3480 8706 9111 9860 11904 18646
48.91=1325
480=3262 4402 4760 5056 5159 5200 5267 5361 5368 5534 5636 5800 6221 6633 6751 6898 6990 7933 8136 8161 8383 8444 8633 9018 9440 10191 10259 11177 12269 12496 13250 14491 14722 14956 15020 15097 15341 15504 15547 15572 15581 15853 15925 17312 17421 18352 18412 18416 19558
480,000=3672 4636 5175 9512 11569 11630 15067 16035 19069 19482 21236
480,0009=5925
480,200=11208
480,333=8399
480,412=4934
480,450=1640
480,851=17672
480-lb=15875 15925
480-lbs=15876 15925
480.29=15906
480p=10694
481=2744 4149
481,189=610
481,372=5984
481,421=3132
481,517=3909
481,800=1835
481,832=8335 8339
481.1=15996
481.4=21109
481.5=5257 20569 20894
481.86=15906
481.92=15906
4815=14319
481p=14872
482=18194 19518
482,000=640 2484 19178 20135
482,705=9914
482.3=9650 19357
483=3482 4624 10733 10799 11184 11240 12814 13676 20050 21402
483,000=3951 3952 4117
483,100=10175
483,518=11018
483,559=483 783
483.4=11987 18348
483.8=530
484=312 5060 13610 14207 14332
484,556=5976
484.1=15871
484.28=16134
485=8247 8601 11050 13676 15875 19246
485,000=491 495 9231 11338 13656
485,380=2800
485,730=8915
485,866=1494
485.2=4149 15908
485.9=9372
486=8035 10550
486,000=15065 16016
486,400=7490
486,790=18531
486.1=13162
486.4=4016
486.5=20836
487=5910 11124 12460 15875
487,000=8319 8858 16015
487,121=11993
487,432=3909
487,862=16750
487.4=10907
487.45=15906
487.50=13900
487.7=20813
487.8=16533
487.80=2262
488=13420 13576 13993 20045
488,000=3771 12663 16641
488,759=11578
488,898=6242
488.20=15906
488.3=13037
488.5=21373
488.7=11957
488.9=16367
4885=14057
489=2712 10045
489,000=4898 11497
489,253=3785
489,257=9896 9970
489,351=18180
489,437=5835
489,764=16484
489.6=21275
49=79 840 922 1034 1048 1276 1367 1369 1412 1689 1950 2010 2409 2428 2429 2573 2696 2704 2776 2815 2832 2929 3188 4000 4049 4136 4261 4277 4307 4420 4443 4467 4518 4699 4720 5203 5247 5407 5602 5947 6298 6620 6636 6688 6752 6883 7001 7062 7361 7879 7953 8111 8564 8793 8994 9126 9142 9174 9310 9336 9337 9631 9809 9995 10106 10130 10238 10292 10508 10765 10794 10855 10980 10998 11105 11210 11292 11344 11506 11690 11696 11776 11781 12031 12138 12294 12459 12562 12869 12936 12959 13191 14689 14900 15103 15233 15330 15350 15380 15489 15533 15567 15667 15757 16227 16235 16570 16644 16687 17080 17084 17143 17171 17217 17253 17271 17506 17558 17956 17970 18204 18317 18368 18466 18485 18708 18760 19035 19050 19369 19752 19871 20308 20398 20655 20806 20976 21175 21260 21266 21271 21412 21413 21458
49,000=605 739 1036 1395 16804
49,040=15899 16022
49,059,000=19850
49,098,000=19598
49,102=13001
49,150=16765
49,156,828=16315
49,300,000=15548
49,365=8875 8900
49,400=20766
49,421=13165
49,517,000=11494
49,551=14783
49,573,000=14622
49,600=10214 10216
49,603,000=20314
49,669=8915
49,700=3901
49,800=3413
49,822=1903
49,946=12254
49,950=5301
49-1/2=3163 3183
49-1/4=16398
49-1/8=1836 6023
49-3/4=15857
49-5/8=16513 16656
49-85=15642
49-page=2923
49.0=837 6261 18646 20368
49.00=13805 13894
49.00-50.25=14163
49.00-51.00=13972
49.01=10644
49.02=19494
49.06=17901
49.09=8112
49.1=715 1132 4000 5493 7099 10226 10741 20418 21441
49.11=887
49.15=13847
49.2=3257 4621 8740 12426
49.24=14611
49.25=14107 17102
49.25-50.00=14163
49.3=3233 6466 8981 9237 15875 16628
49.31=1354
49.36=17922
49.4=302 1466 2956 4050 8611 8614 11307 15325 19050
49.49=12628
49.5=2303 5370 15875 16371 18480 21037 21265
49.50=13785
49.50-50.25=14171
49.50-50.50=13972 14052
49.50-52.00=14548
49.50/56.00=14472
49.55=14916
49.6=1084 2133 5187 8166 8702 9706 10738 17860 20308
49.7=1459 2303 6540 7155 17093 18405
49.70=3228
49.75=11782 15607
49.8=899 6910 12074 16628 17876
49.86=18274
49.87=17212
49.9=772 2802 4404 5723 5825 8481 8677 13085 14926 16966 17004 18610
49.92=18274
49.97=12378
49.98=6970 7029
49.987=5748
49/28=18739
49/28-14=18739
490=4687 4815 5298 9745 16018 16149 18007 20830
490,000=2593 3602 3922 4636 5327 8047 11974 12030 14873
490,927=6273
490,935=2519
490.4=15103 15871
490.7=20517
491,000=2748 15985 18463
491,076=6323
491,085=19440
491,694=4162
491.1=7441
491p=14872
492=2469 5236 7980 8295 11138 21260
492,000=2028 4476 9606 9914
492-1/2b=14555
492.1=12044
492.4=20314
493=411 4223 9706 12463
493,000=5339
493,423=14285
493.3=20450
493.8=12521
493.9=1059
493.90=17460
494=7543 16436 16494 17141 17950
494,000=5339 9101 14968
494,155=14968
494,227=5535
494,352=6747
494.18=19494
494.2=10644 10648 20538
494.22=883
494.35=883
494.70=19553
495=8633 14335 17557 17994 18169
495,000=5312 12034 15900
495,208=12534
495.0=15871
495.6=1059
495p=16953
496=2428
496,000=10097
496,391=11019
496,714=18830
496.6=11349
496.7=3474 3564 20129
496p=5529 6608
497=3166 11752 12494
497,000=491 495
497,160=4351
497,452=7468
497,500=17848
497.4=2253
497p=7753
498=15864
498,800=7469 11208
498.81=15906
498.97=15906
499=3179 5765
499,000=484 1946 14569 18252
499,500=7680
499,750=1587
499,967=15960
499-505=14578
499.0=15871
499.1=10284
499.4=15103
499.6=15519
499.7=8481
499p=4081 19507
49p=941
49th=8058 8346
4f=7169
4p=4266 5264 6562 13420 13576 13993
4th=11 41 74 210 212 644 715 1135 1178 1181 1191 1198 1285 1317 1764 1861 2194 2249 2385 2433 2471 2539 2619 2789 2918 2938 3721 3994 4000 4014 4015 4239 4292 4307 4476 4974 4989 5089 5407 5543 6461 6504 6653 6747 6880 7516 7752 8036 8056 8388 8956 8979 8999 9113 9115 9238 9930 10053 10083 10108 10225 10870 11470 11475 11690 11721 12077 12187 12341 12351 12681 13025 14569 15056 15354 17848 20468 21453
4thh=15000
4wd=20022
4x=9528
5=104 241 254 749 851 1013 1154 1543 1630 1720 1806 1838 1922 1967 2003 2533 2585 2609 2697 2858 3111 3348 3375 3393 3467 3539 3825 4008 4076 4564 4947 5137 5170 5172 5179 5270 5790 6092 6363 6386 6684 6829 6849 6899 7160 7680 7866 8116 8357 8362 8452 8597 8639 9281 9609 9713 9730 9750 9775 9780 10074 10076 10280 10282 10470 10519 10716 11094 11099 11111 11345 11397 11528 11779 11911 11936 12449 12556 12757 12777 12796 12883 12983 13179 13346 13496 13697 13814 13843 13942 14008 14015 14242 14354 14360 14385 14432 14444 14520 14578 14791 15193 15385 15875 16077 16249 16412 16436 16494 16756 16785 17054 17086 17121 17134 17137 17378 17476 17654 17714 17970 18322 18427 18520 19344 19477 19612 20264 20465 20706 20811 21304
5,000=325 329 463 540 627 841 905 906 1014 1056 1151 1407 1424 1696 1812 1887 1922 1950 1977 1978 2119 2288 2293 2515 3206 3487 3494 3499 3635 3671 3698 3732 3762 4002 4064 4073 4093 4222 4262 4271 4296 4506 4648 4708 4736 4790 4935 5156 5246 5330 5424 5514 5820 5990 6074 6379 6821 7017 7032 7118 7265 7353 7601 7834 8357 8693 8803 8871 8935 8961 9156 9193 9281 9319 9321 9394 10728 11026 11217 11223 11748 11824 11828 12076 12162 12164 12224 12445 12446 12680 12849 12894 12954 12980 12982 13057 13179 13289 13323 13419 13453 13473 13481 13564 13637 13881 14603 14651 14716 14757 14855 14874 14882 14893 14896 14897 15385 15402 15408 15423 15456 15518 15534 15622 15638 15681 15721 15746 15747 15887 15925 16107 16123 16309 16780 17075 17132 17305 17707 17731 17884 17941 17982 18007 18014 18023 18044 18191 18200 18277 18391 18446 18474 18507 18519 18571 18676 18849 19088 19151 19272 19291 19502 19661 19724 20064 20307 20511 21314
5,000,000=15175 20619
5,000-7,000=14491 15097
5,000-ounce=18415
5,000-strong=9209
5,000-year-old=11204
5,000/222,500=12161
5,000/5,000=15726
5,001,848=6038
5,005,000=20546
5,008,120=19368
5,009,000=3669
5,010,000=1566 6213 21179
5,011,000=187 8581
5,014,000=3865
5,019,000=7115 20545
5,023,401=8890
5,029,000=8001
5,030,000=21300 21447
5,031=8883 9046
5,034,000=18816
5,036,000=11060
5,037,819=9562
5,041,000=621
5,042,000=7410
5,046,578=9429
5,047,383=11578
5,050,044=27
5,054,844=1759 1768
5,056,000=3874
5,057,292=183
5,058,145=151
5,058,976=15960
5,059=1812
5,059,000=21488
5,062,000=16432
5,065,543=848
5,070,000=1650 3738
5,073,178=1494
5,074,686=21132
5,074.2=9191
5,075,717=21460
5,080,000=1689
5,081,953=12239
5,084=14651
5,085,000=17096
5,086,000=13
5,088,065=12572
5,088,134=5931
5,090,000=1251 20779
5,091,000=11565
5,094,000=19459
5,097,000=5967
5,100=4022 10785 11999 12007 18697 19392
5,100,000=4159 10478 20357
5,101,000=21271
5,101,747=4219
5,106,000=6551
5,107,401=7914
5,112,100=8286 8317
5,113,000=1375
5,115,456=11153
5,116,892=2024 15565
5,119,637=4273
5,120,000=6551 16910 18243
5,120,206=9097
5,126,000=20353
5,129,000=2700
5,130,000=2873
5,130,190=21236
5,132,626=6306
5,134,000=5595
5,135,729=4457
5,139,415=16347
5,144,000=8229
5,146,000=5339
5,147,000=12110 20711
5,148,318=16371
5,151,000=16448
5,152,000=8447 8520
5,153,000=456
5,153,109=15613
5,154,000=5356 5565
5,154,600=18710
5,155,000=6179
5,156,000=20502
5,165,000=1251 10979
5,167,000=21037
5,167,573=9994
5,168=15875
5,168,000=16798 20896
5,173,318=6147 6240
5,177,000=16910
5,178,000=9049
5,180,000=1585
5,187,000=6244
5,188,000=6592
5,193,000=21386
5,194,000=5967
5,200=439 4022
5,200,000=420 1080 5950 15458 16016
5,200.0=15917
5,201,000=19978
5,205,000=18610
5,206,000=11301
5,210,000=7841
5,216,000=1011
5,219,000=1314
5,220,000=530
5,223,000=15476
5,228=4436
5,229,542=6552 6679
5,230,014=12570
5,231,000=21215
5,231,598=17672
5,234,000=3903
5,235,000=557
5,235,233=8300
5,237,000=19862
5,239,106=2479
5,240=15853 15875
5,244,000=21298
5,248,105=21286
5,248,712=19599
5,250,000=2479 12863
5,250,376=11053 16667
5,254,000=6785
5,255=15853 15875
5,255,179=3840 3846
5,261,000=9961
5,261,475=13687
5,266,000=10534
5,268,486=535 580
5,269,000=6283
5,271,000=15094 16337
5,274,000=3874
5,276,119=8935
5,276,627=4194
5,278,000=7953
5,280,854=15000
5,281,000=21227
5,281,387=15000
5,284,000=5438
5,295=12496
5,298=10322
5,298,000=5576
5,299,000=9049 16858
5,300=10519 21472
5,300,000=466 1849 3821
5,301,876=20284
5,304,000=20274
5,306=8579
5,306,000=21146
5,309,519=4820
5,313,000=15594
5,314=2019
5,317,000=8865
5,317,900=5417
5,318,000=13615
5,321,000=12149
5,324,350=20380
5,324,464=20380
5,325,000=8691
5,328=279 524
5,334,00=21017
5,334,000=21148
5,336,000=20800
5,340,000=2674
5,341,353=1532
5,342,353=598 620
5,347,000=2335
5,348,000=9961
5,358=15875
5,360,000=20770
5,361,793=7914
5,362,000=6244
5,363,000=20984
5,364,000=3602
5,368,522=2613
5,369,555=21166
5,369,833=9914
5,370,000=494
5,374,000=18308
5,378,000=7139
5,380,000=9441
5,381,264=4820
5,382,833=13113
5,384,000=1564 6504
5,386,000=6035 12110
5,387=10398
5,390=10045
5,391,666=3557
5,393,000=5744
5,394,000=5565
5,397=7075
5,397,167=13110
5,400=1242 2456
5,400,000=4145 4438 6908 11333 16795 18629
5,400,731=17852
5,401,000=7139
5,403,000=2866
5,406,000=2518
5,412,000=3903
5,414=15875
5,415,000=6104 6113 18875
5,415,185=9334
5,419,000=15126
5,421,330=15521
5,427,486=16347
5,427,561=16347
5,429,000=1011 1689 11877 21386
5,430,000=10851 19854
5,433=14797
5,434,430=3695
5,436,000=21480
5,437,000=8229
5,438,000=2099
5,439,000=4930
5,440,000=6552 6679
5,441,408=19369
5,447,000=20455
5,448,000=4792
5,449,000=20711
5,450=15853 15875
5,450,000=20473
5,452,000=21430
5,454,000=2484
5,456,000=5890 5948
5,457,000=3624
5,457,339=4457
5,461,000=21049
5,462,547=2613
5,463,000=2273 21489
5,465,433=9562
5,468,000=21489
5,468,893=5354
5,473=16671
5,474=10206
5,475,000=2539
5,481,000=8892
5,488,000=3602
5,490=11801 13185
5,494,000=7954
5,495=8939 12090
5,498=385
5,500=1979 2018 2372 3728 4022 5399 10492 10571 10785 11885 15115 15728 16010 16044 17862 19549 20026
5,500,000=642 983 2472 5931 9066 11503 17965 18703 18857 20954
5,502,000=17703
5,503,000=169
5,506=279 524 12951
5,506,000=2918
5,507,000=6504
5,518,000=6701
5,521,000=2133
5,522,932=12381
5,524,000=10023 20900
5,527,000=1251
5,528=16887
5,529,000=4792 7330
5,534,000=8979
5,541,000=7398
5,545,000=1003 20640
5,547,000=18719
5,547,121=4337
5,550,000=9066
5,551,000=490
5,552,000=1198
5,553,000=7157
5,553,600=5890 5948
5,556=15482
5,557,000=8979 9480
5,560,000=6274 21147
5,561,000=5913
5,564,000=21489
5,567,000=20340
5,567,300=15889
5,568,000=4745
5,568,319=11111
5,574,000=13064
5,575,000=6213
5,575,043=3909
5,577,000=20256
5,577,244=12169
5,583,000=19865
5,583,560=11028
5,584,000=20648
5,585,000=21489
5,587,000=4819 21350
5,590,000=20448
5,591.1=9191
5,594,000=5968
5,595=15853 15875
5,595,644=10856
5,597,000=19978
5,600=8943 10169 19747
5,600,000=4363 4911 5602 10839 15821 20453 20798
5,602=18830
5,603=13098
5,605,680=1446
5,609,000=456
5,612,818=16022
5,613,000=11754 19267
5,613,400=5741
5,616,019=4788
5,618,315=12254
5,622,000=5950
5,623,000=2866
5,624,041=21132
5,627=4550
5,627,000=16016
5,628,000=9556
5,630,000=8520
5,632=1030
5,632,044=16022
5,632,426=2488
5,635,000=21266
5,638,596=9334
5,642,000=21322
5,644,160=12704
5,645,000=5426 15336
5,646,185=9334
5,648=15875
5,652=14165
5,652,000=6138
5,654=4695
5,657,000=12869
5,664,000=19657 19723
5,666,000=3958
5,667,000=2658 6458 6670
5,669,000=3994 19459
5,669,682=3782
5,671,607=4788
5,677,000=20767 20812
5,679,000=10851
5,680=15853 15875
5,680,000=9047 10499
5,681,000=5704
5,682=4973
5,682,000=20421
5,686,000=10037
5,689,277=5417
5,690,000=12505
5,693,243=822
5,695=15066
5,695,000=3626 7959
5,696,000=12893
5,700=10485 11586 18405
5,700,000=4438 7841 11529 12237 16795 19297 20497 20767 20812
5,700.4=19038
5,704,000=20300
5,705,000=5415 9333
5,712,000=6681
5,713,000=11713
5,716,000=11884
5,719,000=11713
5,719.4=17914
5,720.0=15871
5,722,000=11713
5,724,000=8810
5,726,000=20490
5,726,722=4194
5,730=12244
5,731,582=4914
5,732,000=8794
5,737,808=18243
5,738,000=5339
5,739,443=20969
5,741,000=6283
5,744,588=6809
5,745,706=9252
5,747,000=11128
5,747,393=3740
5,747,472=15307
5,755,000=12569 20650
5,757,013=15265
5,760=8300 9436
5,760.0=15871
5,762,000=10851
5,765,000=20217
5,769,000=15226
5,770,000=1198
5,775=15704
5,776,000=2234 9807 15023
5,777,000=5968
5,781,711=3967
5,785,365=1344
5,788,594=20421
5,792,000=7821
5,793=7842
5,795=17483
5,795,833=19971
5,798,995=2887
5,800=14988 15017
5,800,00=2273
5,800,000=5628 11435 15155 18249 20798
5,803,000=20972
5,804,000=20529
5,807,000=8581
5,808,000=16377
5,809,000=9333
5,812,000=20340
5,818,000=5438 13715
5,819,000=21103
5,820,000=1872
5,821,000=20746
5,823,000=9333
5,824,000=8447
5,827,538=9366
5,832,037=10513
5,833=17508
5,834,000=20118
5,836,735=5931
5,846,962=9097
5,847,000=644 2273
5,848=105
5,849,000=20468 20564
5,849,695=12898
5,850,000=20894
5,852,000=12904
5,853,587=3874
5,854,543=3874
5,854,819=18648
5,855,000=13031 16885 16886
5,858,000=20803
5,861,000=9807
5,862,000=3672
5,863=12979
5,864,000=6104 10963
5,865,000=19475
5,867,000=2335
5,871,258=12672
5,872,000=1460
5,873=1481
5,873,904=6147 6240
5,877,000=9963
5,881,000=7398 21215
5,883,000=8858
5,885,000=6104
5,887,165=3573
5,887,996=13214
5,891=10324
5,895,000=18028
5,896,000=10027 10040
5,896,322=6257
5,900=10342
5,900,000=1428 15732
5,902,074=5906 6102
5,903,000=6551
5,908=12401
5,910,000=557 8424
5,912,000=21135 21219
5,913,334=11993
5,914,000=4751
5,919,000=490 20896
5,921,828=756
5,922=12023
5,922,000=10174
5,923,907=15704
5,928,000=20455
5,931,324=15668
5,934,000=10851
5,935,117=15000
5,936,000=6213
5,938,000=6500 15969 17703
5,939,252=17617
5,940,000=859 1543
5,942,000=3569
5,943,341=6130
5,944=12813
5,944,000=12031
5,944,286=5906 6102
5,948,000=1138 21105
5,950,000=2613 18813 18913
5,950,842=20400
5,951,612=3676 4239 4292
5,952,000=15145 16492
5,953,000=21405
5,954,000=17034
5,958,423=5317
5,958,432=5543
5,959,000=10851 21474
5,959,028=20400
5,963,000=2918
5,964,454=6549
5,967,000=968
5,970,000=1689
5,970,141=11053 16667
5,973,000=1251 9333
5,980,000=16458
5,988=46
5,988,000=9558
5,990=12224
5,993,000=2016 2188 2249
5,993,577=15662
5,995.7=13803
5,996,000=2459
5,999,377=6809
5-0=2480
5-1/16=11817 11848
5-1/2=362 915 1112 1578 2817 3487 3606 3705 3722 3727 4312 4602 4912 4921 4980 6043 6984 7708 8622 8659 9086 9371 9753 10009 11083 11327 11365 11746 11796 11807 12451 12655 13189 13410 13571 14207 14404 14868 14901 15019 16321 16435 16501 16565 17246 17343 17396 19028
5-1/4=915 1112 3026 4443 6327 10468 12301 12451 12738 13396 13612 14846 14868 14901 15019 15042 15410 15526 17476
5-1/4-inch=7091 19744
5-1/8=291 2088 4607 7575 19750
5-14=12908 13875 15578
5-15=8744
5-15/16=2155 2626 2683 6543 7036 12923 13208 13261 15410
5-20=5640 10319
5-20/4=12174
5-20/september=6386
5-25=18427
5-25/4=12164
5-3/4=242 278 915 1112 2119 2979 3698 3732 4485 4683 5213 6614 7575 8146 8411 10732 10764 11016 11327 11346 12527 13076 13410 13571 13703 14866 15385 16321 16435 16501 20777
5-3/8=1112 1836 2119 6614 9677 11365 12054 12195 14207 18855
5-5/16=1112 14207
5-5/8=20509 20777
5-6=8029 9532
5-7=14685
5-7/16=10344 14207
5-7/8=2416 3712 6112 8622 8659 9753 11083 12278 13480
5-9/16=1112
5-for-1=20540
5-for-4=11443 17113
5-year=12625
5.=17137
5.0=275 940 1842 1971 2261 2555 3016 4081 4918 5061 5645 6017 6487 6999 7031 7056 7951 8005 8047 8417 9658 9820 9905 11711 11889 12077 12331 12456 12471 12629 12973 13752 13834 14483 14509 14657 14716 15374 16923 17456 17785 17834 17870 17999 18300 18347 18463 18679 18781 19687 20116 20225
5.0-mln-dlr=847
5.00=4776 6079 6374 11941 12016 12040 12639 12880 12908 12919 13827 13875 14084 14190 14330 14404 14687 15560 15578 15610 16116 16176 16274
5.000=8004
5.004=14573
5.01=3593 14675 21378
5.02=887 1718 1792 2087 5501 7356 9617 10291 17576 18313
5.03=198 2994 5765 9700 10746 17503 18481 20354 21046
5.04=1100 1640 2132 4238 7994 14675
5.04-1/2=14404
5.04-3/4=14404
5.05=97 9556 11835 15875 19360
5.06=572 7579 9127 14515 14675 15374 15594 15921 20286
5.067=13255
5.07=14675 15922
5.075=217 10690
5.08=7775 15723 21117
5.08749=14664
5.09=5785 7674 14681 15922 20896
5.0p=16141 16175
5.1=54 270 422 432 434 464 844 1178 1459 1611 1964 2362 2810 4027 4623 4638 4937 5089 5146 5212 5725 7244 7584 7817 8052 8283 8668 9706 9905 10078 10298 10809 11192 11209 11291 11349 11743 11795 11967 12176 12258 12334 12444 12479 12782 12875 12996 13058 13162 13238 13411 13446 14313 14394 15094 16207 16684 16685 16772 16775 16904 16979 17000 17012 17115 17182 17620 17831 17838 18248 18463 18627 18838 19351 19441 19683 19710 20001 20116 20794 20853
5.10=4277 5236 11803 15921 15922 18479
5.11=7102 15922 20393
5.12=5836 7674 8152 8636 8683 12748 13892 14515 14675 16933 17260 17377 17620
5.13=13410 16444
5.14=7102 15833 15914
5.15=289 1898 2484 7722 13410 15910
5.15-5.35=15213
5.151=217
5.15p=6349
5.16=2221 5526 11898
5.17=5089 12351 15910 18973
5.18=4016 6840
5.19=6970 7029 9178 12630
5.1p=4089 18495
5.2=119 330 1084 1459 1726 2362 2961 2965 3249 3833 3993 4069 4132 4225 4410 5219 5842 6245 6464 6481 6742 7014 7424 7558 7677 8137 9172 9706 9900 10011 10168 10551 11291 11881 11972 12788 12799 13079 13238 14666 14763 15130 15672 15763 15794 16116 16204 16521 16772 16996 17036 17077 17199 17226 17427 17866 17923 17983 18182 18731 18975 19067 19377 19451 19966 20262 20291 20563 20985 21073 21327
5.20=2484 21347
5.21=16938
5.22=14515 16913 18201
5.22-billion-=18325
5.23=19947
5.24=140 4085 4132 4630 13237 14675
5.25=1958 2974 2987 3414 4364 10011 10267 12496 12625 13022 13194 13787 17620 18424 18479 19200 20199
5.25-inch=661 763
5.25p=3480 12449
5.26=1815 4303 13690 13791 15914
5.27=7883 21378
5.28=481 2316 14515 15910
5.29=14675
5.3=296 335 1084 1438 2062 2269 2534 2601 2996 3229 3257 3962 4625 4727 5113 5482 6017 6447 6722 6955 6965 7200 7226 7559 7817 8283 8314 9164 9176 10045 10465 10757 11300 11331 11820 11882 11949 11972 12382 12463 12554 12658 12741 12778 12875 12963 13172 13411 15297 15438 15860 16207 16266 16614 16700 16772 16933 17226 17784 18614 19082 20538 20791 21486
5.30=851 1650 7557 10555 19536
5.30-6.875=15682
5.31=6075 7423 21378
5.31489=14664
5.33=3798 10436 13482
5.34=4238 10754 11752 16753
5.34p=4100
5.35=2194 2768 5148 7455 8137 9187 15910
5.36=5 4644 5236 6948 9708 13799 14486 15374 15952
5.37=4638 6948 10394 16664 21431
5.375=11088
5.38=572 4085 17538 21036
5.394=12307 12706
5.4=54 327 496 570 899 963 1608 2543 2721 2973 3048 3073 3249 3422 3486 4225 5210 5708 6182 6402 7062 7639 7968 8155 8163 8449 9034 9154 9258 9343 9787 9905 10714 11225 11294 11961 12195 12379 12629 12963 17091 17640 18008 18781 19722 19728 21319 21379
5.4-pct=3688
5.40=2221 2715 11802 15853 15875 17187 18562
5.41=8976 20538
5.42=9187 10746 18361 21146
5.43=6111 7994 13892 15833
5.43-1/2=19721
5.44=2686 8732 11805
5.445=851
5.45=233 730 3135 3414 5501 5810 7379 7938 12709 12720
5.46=12818 15914 16116
5.47=3371 8125 8162 10349 10407 15914
5.472=246
5.48=4286 13208
5.49=15853 15875
5.4p=4094 18514
5.5=225 305 310 355 545 748 817 880 966 987 1131 1142 1155 1385 1656 1779 1933 2062 2115 2269 3223 3480 3554 3593 3800 3873 3948 4120 4223 4262 4267 4744 5037 5061 5757 5941 6143 6312 6341 6431 6999 7099 7129 7155 7222 7516 7673 7917 7956 8090 8103 8150 8173 8184 8325 8652 8796 9018 9174 9562 9749 9803 9908 10117 10303 10624 11191 11225 11748 12013 12033 12082 12160 12351 12434 12778 12788 12938 13005 13192 13211 13212 14654 14710 15043 15103 15473 15488 15742 16264 16760 16909 16979 17000 17217 17271 17363 17374 17385 17497 17802 17913 17970 18086 18405 18464 19077 19332 19751 19814 19933 20792
5.50=70 117 266 361 1682 4776 6952 8137 9975 11083 12630 13130 13331 14390 17663 19066 20868 20877
5.500=8004
5.51=2405 3371 8262 9237 13690 13791
5.52=20685
5.53=13771 16681 17896
5.54=5 11413 13799 14486 15952
5.55=6601 11080 18527 21176
5.55/54=14708
5.56=3371 3684 13014 20324
5.560=20853
5.58=6549 15914 20837
5.59=3371 8761 18542
5.59-61=3253
5.5p=899 5257 14860 18497
5.6=315 530 811 1026 1054 1611 1955 1993 2443 2995 3249 3456 3931 3962 3977 4475 4811 5674 5886 5941 6000 6067 6197 6367 7722 7992 8644 8995 9521 10229 10268 10375 11225 11830 11990 12160 12341 12991 13216 13803 14500 15043 15473 15552 15899 16112 16126 16141 16143 16444 16948 17161 17385 17396 17503 17574 17620 17901 19029 19623 19656 20723 20725
5.60=3371 5890 5948 8179 8391 10704 11083 12908 15723 16116 19078 20918
5.600=20853
5.61=3371 12463
5.62=7465
5.625=3868
5.63=3371 8757 10525 16681 19947
5.63-65=3253
