5.64=2979 2985 3253 3371 10956 14390 15374
5.65=233 1682 4692 5071 6150 6968 7465 12748 12908 13491 13875
5.66=2979 3371 14918
5.67=5089 10168 15406 15914 15925
5.68=3253 3946 4938 15940 17377
5.69=7883 13771 21408 21431
5.7=811 817 862 1459 1551 1696 1965 2843 4430 4692 4787 4827 5225 5309 5402 5941 6149 6513 6955 7752 7912 8115 8652 8706 8746 9554 9706 10146 10341 10455 10672 10739 10905 10909 11174 11478 11538 11862 13803 14654 14710 15313 15742 16503 16619 17025 17243 17400 17443 17667 17760 18405 19046 19591 19867 19966 20791
5.70=2533 3371 10297 10376 10531 10956 11080 13208 13331 13491 13588 14515 15910 16116 17154 17177 17187
5.70/69=14708
5.71=6935
5.71/70=10932
5.72=10394 10699 11080 14869
5.73=1927 5815 9141 9212 15406 18403
5.74=3414 8212 11080 14390 21142
5.74/72=10932
5.75=366 1131 2979 3414 3789 11000 11083 12084 12908 13208 13787 13875 15578 18420 18578 19958
5.750=8004
5.76=1652 8391
5.76/75=10932
5.768=277
5.77=275 6760 8540 13771
5.78=10022 12818 17896 20226
5.79=8149 15406 21378
5.79348=16096
5.7p=17900
5.8=225 270 275 569 1068 1353 2540 2618 2974 3063 3071 3397 3413 3534 4031 4152 4276 4290 5472 5508 6952 7066 7927 8178 8506 10568 10733 10799 11331 11568 11717 11781 11882 12380 12634 14749 14860 15135 15276 15871 16141 16250 16772 17143 17280 17385 17460 17802 19792
5.80=5815 6592 10328 11080 11083 13875 15578 20651
5.81=1 3371
5.81/80=14708
5.82=11771 12880 15560
5.82/81=10932
5.82126=14664
5.83=772 5403 8732 9556 12880 12908 13827 13875 14084 15578 21357
5.83p=3517
5.84=12354
5.84073=2966
5.85=481 3347 3371 4151 12908 14084 15560 15610 18620
5.86=74 3414
5.87=4317 14515
5.875=11083 19628
5.88=5811 6047 15247 15610 15940
5.89=3414 4588 11080 21175
5.9=199 651 1036 1181 1835 1965 2132 2378 2505 2715 2776 2888 3030 3062 3417 3632 3962 4017 4232 4583 4957 5039 5442 5447 5817 6096 7516 7588 8090 8155 8388 8820 8995 9328 9761 9847 10287 11143 11367 11414 11589 12799 12971 13079 14666 15193 15507 15840 16053 17161 17427 17442 17849 17897 17930 18300 18345 18781 19428 19884 20208 20791 20860 20910
5.90=10531 11080 11941 12040 12880 12919 13827 14084
5.91=13827 14084 15875
5.92=74 11941 12016 12880 12919 15560 15594 15610 15940 16681
5.920=20853
5.924,000=16317
5.93=1 4657 4692 11941 12016 12040 12880 12919 13827 14084 15940
5.94=1556 7553 11941 21176
5.95=3173 12912 12917 13909 15374
5.95913=16096
5.95p=3468
5.96=986 1269 6759 12040
5.97=2979 5800 7159 7607 8107 8161 8187 8390 12013
5.98=8149 11941 12016 12040 12829 15940 16681 17620 21175
5.983=277
5.99=2626 16681 18470
5/14/82=5 13799 14486 15952
5/16=3137 8884 12066 12072 13346 13993 14390 14791 15410 16120 17575 17593
5/30=10519
5/7=18924
5/8=230 240 270 291 347 350 414 421 453 683 905 906 931 1014 1056 1141 1349 1475 1922 2088 2108 2170 2200 2245 2646 2655 2735 2997 3116 3147 3397 3471 3475 3500 3503 3534 3641 3644 3648 3686 4095 4116 4354 4767 4830 4856 5211 5307 5820 5823 5824 5831 5855 5856 5990 6377 6380 6393 6489 6526 7017 7021 7035 7118 7211 7309 7711 8170 8171 8375 8396 8441 8642 8650 8669 8803 8867 9198 9321 9325 9452 9714 9753 9796 10009 10336 10405 10410 10466 10568 10719 10763 11763 11800 11806 11845 11901 12412 12467 12486 13396 13498 13731 13798 13881 13907 13921 13924 13938 13995 14102 14700 14884 14927 15149 15393 15395 15423 15652 15673 15746 15747 15813 15857 16138 16149 16161 16167 16180 16290 16501 17204 17536 17623 17931 17936 18025 18364 18453 19076 19086 19149 19705 20093 20146
5/8ths=230 240 347
50=27 186 222 244 252 288 296 323 331 335 345 354 358 362 419 438 439 453 463 577 590 609 759 898 902 922 923 939 950 960 1001 1012 1038 1061 1063 1069 1095 1106 1136 1140 1156 1254 1263 1369 1381 1391 1443 1472 1475 1491 1540 1562 1576 1582 1625 1632 1634 1657 1682 1694 1709 1741 1836 1840 1857 1875 1882 1889 1897 1905 1918 1926 1940 1942 1947 1949 1974 1975 1978 2025 2048 2080 2084 2108 2127 2134 2143 2147 2150 2158 2196 2198 2234 2245 2246 2248 2287 2305 2308 2315 2326 2342 2344 2354 2370 2374 2389 2412 2413 2475 2476 2499 2506 2521 2549 2556 2574 2585 2610 2640 2644 2663 2690 2694 2750 2763 2775 2783 2786 2818 2823 2832 2957 2975 2981 3013 3038 3117 3120 3150 3163 3174 3181 3183 3192 3197 3218 3227 3245 3256 3260 3277 3302 3319 3342 3347 3351 3376 3400 3421 3430 3442 3457 3475 3482 3489 3495 3503 3513 3550 3555 3556 3566 3585 3592 3665 3689 3722 3745 3779 3792 3798 3818 3835 3842 3852 3861 3878 3923 3936 3981 3984 3985 3991 4010 4016 4067 4078 4101 4177 4179 4186 4202 4218 4236 4266 4312 4374 4403 4419 4425 4453 4454 4474 4475 4477 4481 4494 4498 4523 4525 4535 4570 4576 4584 4615 4645 4646 4649 4657 4663 4684 4685 4687 4692 4696 4737 4754 4795 4800 4818 4823 4844 4855 4864 4873 4890 4895 4931 4946 4966 4969 4982 5004 5043 5056 5074 5104 5120 5129 5145 5154 5161 5177 5184 5200 5201 5207 5208 5222 5224 5234 5242 5258 5272 5276 5282 5283 5286 5299 5311 5341 5348 5395 5401 5403 5430 5453 5468 5472 5473 5512 5515 5570 5589 5599 5612 5628 5631 5653 5660 5675 5788 5796 5819 5823 5851 5896 5903 5916 5938 5956 5973 6072 6082 6086 6099 6101 6112 6119 6125 6129 6157 6163 6169 6180 6197 6200 6201 6214 6224 6249 6254 6259 6276 6293 6322 6343 6352 6372 6381 6396 6397 6442 6468 6472 6477 6515 6541 6588 6605 6639 6656 6663 6722 6725 6752 6763 6788 6798 6823 6876 6927 6956 6958 6996 7003 7021 7034 7035 7060 7081 7088 7145 7174 7189 7192 7194 7203 7212 7218 7344 7371 7407 7431 7501 7548 7560 7566 7577 7615 7635 7642 7658 7705 7724 7739 7763 7825 7829 7850 7912 7927 7974 8024 8050 8051 8065 8074 8108 8121 8136 8148 8150 8157 8158 8162 8193 8196 8222 8228 8262 8272 8274 8325 8383 8413 8438 8440 8444 8471 8478 8503 8516 8518 8569 8585 8594 8601 8618 8639 8661 8689 8755 8787 8791 8800 8805 8852 8857 8867 8898 8940 8941 9022 9066 9136 9139 9147 9182 9190 9206 9245 9289 9296 9310 9321 9325 9336 9345 9350 9351 9380 9406 9408 9436 9440 9445 9447 9448 9468 9470 9484 9552 9569 9585 9591 9599 9630 9655 9658 9668 9676 9721 9722 9732 9760 9782 9785 9794 9800 9828 9959 9978 9980 9981 9987 10006 10078 10080 10097 10145 10150 10175 10194 10232 10278 10279 10287 10308 10333 10364 10388 10393 10409 10420 10430 10450 10468 10472 10481 10504 10554 10593 10596 10603 10607 10625 10648 10664 10670 10675 10691 10693 10717 10722 10737 10745 10765 10792 10809 10914 10916 10936 10969 10979 10985 10994 10995 11008 11025 11055 11107 11118 11239 11323 11332 11355 11403 11423 11438 11448 11466 11490 11504 11528 11539 11587 11599 11602 11654 11675 11698 11721 11751 11771 11773 11781 11788 11797 11800 11808 11823 11829 11833 11841 11845 11847 11860 11866 11869 11902 11916 11918 11942 11962 12026 12090 12106 12108 12122 12142 12158 12180 12196 12197 12199 12209 12212 12214 12276 12277 12279 12296 12310 12315 12367 12390 12426 12436 12485 12491 12496 12556 12586 12606 12652 12654 12685 12686 12701 12709 12721 12754 12765 12773 12827 12850 12876 12878 12887 12914 12917 12925 12951 12980 13019 13073 13080 13115 13141 13164 13181 13187 13216 13250 13258 13264 13280 13298 13322 13331 13375 13406 13462 13498 13571 13618 13709 13801 13809 13947 14000 14038 14039 14090 14141 14143 14164 14184 14212 14267 14324 14359 14426 14427 14515 14531 14542 14608 14626 14651 14653 14719 14741 14749 14750 14758 14759 14843 14856 14862 14869 14893 14894 14921 14933 14973 14982 15038 15040 15043 15098 15106 15114 15149 15190 15191 15194 15264 15270 15342 15369 15371 15398 15419 15421 15426 15438 15459 15472 15488 15559 15584 15597 15598 15639 15652 15655 15665 15687 15691 15711 15743 15823 15883 15884 15909 15924 15957 15959 15966 16024 16062 16077 16087 16094 16112 16116 16124 16131 16133 16147 16151 16154 16159 16160 16163 16178 16179 16211 16235 16253 16254 16275 16313 16322 16338 16341 16353 16355 16357 16429 16438 16450 16481 16495 16501 16513 16558 16568 16574 16643 16687 16727 16752 16761 16832 16914 16927 16996 16997 17013 17030 17056 17060 17093 17103 17124 17136 17141 17153 17192 17252 17310 17312 17323 17353 17355 17369 17402 17409 17418 17430 17433 17438 17449 17461 17474 17511 17513 17524 17529 17557 17585 17667 17676 17682 17689 17690 17693 17714 17738 17768 17771 17839 17863 17886 17891 17903 17958 17960 17968 17979 17986 17994 18007 18025 18060 18138 18204 18227 18251 18252 18255 18256 18275 18280 18298 18306 18317 18318 18325 18332 18338 18353 18398 18438 18451 18464 18523 18552 18561 18570 18578 18588 18593 18600 18621 18625 18648 18683 18726 18728 18736 18738 18746 18754 18764 18765 18767 18782 18795 18810 18840 18883 18914 18970 18976 18983 19016 19019 19062 19075 19105 19110 19111 19181 19216 19220 19251 19302 19333 19346 19457 19483 19484 19490 19494 19499 19526 19539 19548 19549 19563 19578 19583 19606 19610 19629 19630 19724 19734 19742 19764 19802 19808 19825 19838 19839 19871 19913 19924 19935 19950 20005 20020 20034 20042 20093 20189 20256 20264 20292 20363 20406 20414 20420 20514 20546 20561 20593 20595 20611 20640 20693 20709 20715 20721 20770 20776 20823 20853 20854 20873 20874 20897 20919 20936 20971 21067 21157 21234 21241 21267 21293 21309 21315 21319 21363 21367 21374 21376 21379 21382 21472 21486
50,000=10 79 275 311 613 746 906 931 951 1014 1021 1067 1238 1276 1388 1407 1616 2119 2197 2224 2618 2973 3048 3217 3272 3891 3957 4039 4102 4129 4208 4367 4609 4643 4983 5100 5116 5118 5119 5209 5252 5843 5986 5996 6007 6184 6844 7103 7448 7496 7512 7629 7645 7684 7823 8045 8265 8422 8604 8729 8741 8763 8805 8857 8892 9144 9173 9207 9249 9374 9479 9527 9711 9724 10254 10306 10398 10479 10583 11224 11904 12158 12365 12419 12458 12695 12726 12872 13053 13094 13179 13241 13462 13629 14702 14716 14842 14867 14892 14928 15446 15471 15481 15765 16077 16444 16562 16776 16844 16859 17022 17054 17131 17438 17692 17724 18239 18263 18431 18453 18711 18899 19295 19999 20005 20058 20239 20897
50,000-dlr-per-entity=11640
50,000-franc=10396 12491
50,000-tonne=2976 12420
50,028,000=20628
50,100=3901 11911
50,128,000=20628
50,226,000=14622
50,275=5889
50,305=12922
50,400=11911
50,407=5039
50,422,000=11990
50,487,000=20450
50,581=848
50,648=8818
50,700=13179
50,745=3668 4169
50,800=18550
50,831,512=16315
50,855=8683
50,868,000=20628
50,938=12381
50-=17233
50-1/4=3163 3183 9947
50-100=14212
50-3/4=2799
50-3/8=714
50-50=2776 4367 5459 6646 8569 8628 8666 11104 11559 14313 15239 17103 17279 18604 18935
50-55=11490
50-85=15642
50-cent=276
50-day=4068 4119 7536 7630 10308 10364 16995 19512
50-hertz=2100
50-km=11323
50-mark=19553
50-minute=5507 17432
50-mln=1055
50-mln-dlr=9579
50-mln-share=12827
50-month=13152
50-odd=5570
50-pct=914 4807 7593 13250 15040 15274 17453
50-seat=17862
50-year=9659 10250 15216
50.0=2212 7128 8745 9952 15871 16207 17755 18348 21236 21431
50.00=13584 13585 13587 13655 13805
50.00-50.75=14171
50.00-51.00.=14119
50.00-51.25=14163
50.00-51.50=13972
50.00/56.00=14472
50.00/56.50=14472
50.05=3228
50.08=1325
50.1=331 1706 1996 2024 3013 3624 8205 8417 8611 9971 10648 10674 17053 17212 17388 17841 17876 17986
50.14=4049
50.17p=1019
50.2=864 3607 3637 16269 16336 16371
50.23=6335 6353 8595
50.25=3783 9206 9223
50.29=17055
50.3=681 1390 1706 4346 4476 5356 5530 6173 6244 6302 7176 7332 8457 8580 8899 20180 20630
50.31p=7003
50.4=6551 7331 11733 13803
50.40=19971
50.5=387 864 926 942 1466 2085 2433 9032 11680 18480 18497
50.50=13584 13587 13654 13785 14052 14558 19470
50.50-51.00=13858 14119
50.50-52.50=14548
50.50.=14344
50.57=15973
50.6=5415 5426 7459 11171 15101 15145 18739 21436
50.61=9189
50.63=15973
50.65=14403
50.7=244 2748 3269 4155 8677 9975 10411 10741 11234 11820 12681 13803 15297 15871 20304
50.70=319
50.71=11220
50.75=12608 13651
50.76=4120 4123
50.8=1229 2687 10840 15875 16109 18526
50.9=2033 5321 5941 6466 11416 11967 12875 17841
50.92=4137 4196
50.99=9792
50/50=1131 3306 11177 11213 11822 15755 18467 19342 19380
50/92=4490
500=109 181 223 288 316 329 348 355 489 497 502 540 618 714 782 814 827 918 922 943 953 967 970 988 999 1041 1081 1242 1333 1416 1576 1590 1625 1720 1730 1733 1902 1921 1942 1947 1973 2052 2078 2084 2109 2159 2367 2456 2468 2524 2527 2537 2565 2662 2692 2786 2852 2860 2935 2965 2996 3072 3115 3148 3168 3263 3298 3332 3441 3460 3500 3501 3516 3518 3553 3615 3698 3731 3732 3825 3941 4018 4022 4037 4113 4126 4191 4207 4320 4402 4491 4594 4639 4648 4708 4793 4863 4864 4875 4923 4931 4938 4946 4994 5005 5032 5036 5039 5098 5137 5171 5172 5190 5235 5311 5335 5353 5366 5401 5462 5482 5484 5638 5800 5806 5932 5941 5958 6063 6079 6090 6194 6331 6340 6422 6445 6464 6490 6581 6599 6618 6645 6651 6660 6823 6829 6867 6874 6927 7069 7236 7356 7391 7409 7428 7437 7445 7463 7499 7551 7572 7588 7595 7704 7731 7793 7822 7823 7936 7937 7938 7940 8024 8166 8290 8504 8563 8569 8595 8600 8601 8628 8666 8796 8839 8857 8937 8940 8951 8980 9032 9043 9139 9173 9224 9249 9253 9302 9371 9512 9636 9637 9791 9799 9853 9859 9954 10006 10055 10141 10151 10191 10244 10329 10347 10357 10414 10445 10546 10555 10563 10577 10583 10648 10667 10706 10711 10719 10735 10745 10763 10791 10842 11008 11118 11185 11195 11207 11217 11244 11350 11376 11824 11919 12109 12214 12369 12381 12392 12443 12568 12634 12718 12917 12925 12963 12981 13146 13241 13269 13470 13655 13659 14052 14109 14212 14418 14635 14689 14699 14736 14843 15108 15139 15213 15241 15291 15325 15350 15368 15401 15705 15745 15816 15875 15987 16017 16019 16024 16162 16180 16216 16224 16334 16425 16466 16477 16501 16621 16640 16748 16840 16894 16898 16905 16946 16949 17095 17107 17135 17160 17217 17271 17361 17375 17405 17483 17612 17619 17817 17820 17846 17850 17861 17884 17891 17961 17976 18031 18063 18317 18339 18415 18436 18453 18485 18532 18579 18614 18688 18697 18787 18798 18849 18862 18904 19028 19040 19078 19086 19149 19164 19191 19200 19212 19291 19431 19434 19539 19571 19696 19718 19828 19888 20090 20101 20504 20571 20613 20740 20749 20764 20831 20855 20867 20928 20964 21382 21458
500,000=57 253 300 374 380 501 523 573 602 629 728 845 962 1196 1215 1418 1543 1558 1587 2209 2383 2399 2436 2501 2534 2707 3212 3255 3337 3574 3646 3664 3980 3981 4140 4229 4323 4342 4470 4684 4800 4939 4988 5011 5384 5423 5431 5467 5763 5823 5876 5940 6082 6245 6381 6433 6512 6548 6662 6810 6933 7090 7181 7200 7260 7407 7505 7629 7634 7645 8243 8461 8698 8729 8763 8826 8934 9065 9200 9320 9367 9393 9474 9572 9774 9791 10028 10128 10253 10595 10701 10753 10890 10956 10969 10987 10994 11007 11017 11300 11387 11528 11620 11671 11738 11747 11766 11824 11875 11988 11996 12077 12082 12310 12323 12372 12419 12434 12487 12770 12790 12873 12987 13005 13171 13200 13738 13795 13899 14585 14679 14689 14831 14863 14892 15035 15181 15184 15317 15350 15468 15645 15823 15957 16012 16113 16220 16353 16508 16529 16603 16716 17094 17291 17372 17434 17516 17605 17699 17729 18004 18146 18280 18429 18502 18726 18781 18820 18825 18849 18908 19019 19236 19285 19295 19559 19585 19588 19840 20008 20236 20279 20301 20362 20431 20720 20777 21027 21052 21304 21321
500,000-dlr=21279
500,000-strong=6899 7022
500-600=14295
500-650=13859 14119 14160 14171 14188 14281 14344
500-bed=20212
500-franc=5283
500-member=9043
500-mln=4624
500-nautical-mile=14961
500-point=20860
500.3=15871
500.6=2659
500/550=13682 14362 14673
5000=685 1041 1869 2233 6481 10557 11026 19402
5000cs=19436
5000s=19436
501=2428 10321
501,000=212 2342 7444 20116
501,537=5677
501,800=18531
501,807=1031
501.0=126
501.291=14664
501.8=15555
502=7428 15573
502,000=19648 19803 20407
502,008=6254
502,251=20507
502,500=20804
502,896=3977
502.1=16659
502.98=10686
503=5767 5787 7174 13420 13576
503,000=586 5544 20116 20529
503,200=15975
503.7=13689
503.8=2144
503.9=13803
504=2261 2269 14638
504,000=11192 14928 20364 21244
504,266=14910
504,571=4814
504,652=12534
504,808=21100
504.3=20256
504.6=20938
504.75=20013
505=3383 3517 5765 11589 14149 14861 15814 19941
505,000=14928 15207
505.0=21336
505.28=20305
505.5=11239
505.6=13803 21385
506=4089 4098 15913
506,000=12294
506.51=8619
507=5216 13019 14609 20855
507,000=1117 1566 2751 4504
507,529=2761
507.6=21490
507.99=20966
508=8901 12413 13739 17994 20001 20021 20054 20077 20623 20714 20823 20861 20867 20897 20899 20924 20963
508,000=167 10729 11568 16410 20562
508,062=5757
508,392=1040 12534
508,578=17852
508-point=20614 20870
508.8=19204
5080=8463
509=7644
509,000=8826
509,043=18648
509,144=201
509,471=6747
509,500=2978
509,971=5043
509.3=2548
509.5=10284
509.8=8540
51=41 54 79 165 316 424 448 557 706 714 877 882 907 946 964 1020 1034 1048 1138 1181 1238 1276 1314 1541 1554 1585 1608 1735 1836 1898 1940 2048 2221 2363 2375 2380 2546 2693 2704 2711 2815 2832 3053 3255 3475 3486 3514 3604 3629 3684 3792 3994 4013 4093 4295 4518 4560 4591 4647 4788 5121 5226 5241 5247 5686 5697 5771 5787 5836 5841 5864 5968 6022 6087 6089 6410 6426 6638 6742 6816 6865 7480 7532 7620 7652 7791 7826 7918 8036 8083 8152 8205 8528 8597 9182 9208 9238 9263 9281 9557 9760 9809 9914 9971 10023 10223 10235 10338 10350 10393 10546 10775 10822 11085 11232 11234 11500 11792 11823 11891 11977 12150 12379 12459 12485 12494 12635 12783 12917 12938 12959 12987 13216 13406 13496 13615 13790 14679 14834 14849 15053 15336 15404 15444 15521 15701 15729 15829 16163 16269 16275 16317 16336 16367 16374 16385 16402 16405 16492 16508 16513 16561 16797 16851 16944 17110 17130 17171 17199 17571 17775 17791 17865 18178 18368 18485 19035 19041 19275 19409 19598 19887 19928 20117 20151 20160 20174 20326 20398 20561 20779 20787 20798 20881 21227 21251 21271 21359 21480
51,000=4347 4429 5214 5313 7229 12348 12516 12866 16346 18719 20657
51,001=10923
51,019=2519
51,029=1877
51,057=5894
51,128,191=16447
51,187,000=1007 1024
51,226=781
51,294=16055
51,294,652=15090
51,300=5214 15917
51,411=1544
51,507=4361 4385
51,541,000=9556
51,551,000=20628
51,573,000=2182
51,600=1835
51,670,000=20450
51,722=2557
51,829=11170
51,880=15572
51,992=8683
51-1/2=17166
51-1/4=7391
51-1/8=4800
51-day=16177
51-pct=1919
51-pct-owned=7879 12635
51-year=16423
51.0=926 942 6533 8581 12616 13803 15875 17034 18438 18480
51.00=13583 13674 13684 13723 13732 13805 14171
51.00-51.50=14040 14119 14281
51.00-51.50.=13859 14160 14167
51.00-52.50.=14188
51.00.=14171
51.1=3427 3604 6455 8577 10907 16916
51.10=1325
51.17=3822 5003 5033
51.2=2686 4197 5902 7752 7924 8708 10943 13803 15194 19029
51.24=2449
51.25=13858 14163
51.25.=13858
51.2p=10318
51.3=2048 4132 8506 12250 12600 13080
51.36=12117
51.4=3486 9610 10680 16811 17901
51.46=284
51.48=342
51.4p=8644
51.5=212 327 1369 1809 2426 5250 6689 7397 10485 12457 12473 12901 18283 18480
51.50=807 6736 7947 13583 13766 13872 13893 13977 13986 14119 14274
51.50-52.00=13859 13894 14033 14344
51.50.=14169
51.57=19045
51.58=17440
51.6=13 1338 8644 16545 18816 20233 20291 20630 21256
51.61=18238
51.65=5706
51.68=8125
51.7=13 1861 3751 4775 6022 8026 13452 13557 16623
51.7-x=15875
51.71=8125
51.73=284
51.74=2932
51.75=7601 13976 14281
51.75-52.00=14022 14344
51.75-pct=19999
51.75.=14119 14281
51.8=2318 3215 3257 6466 7838 10741 13033 14963
51.83=10145
51.86=17930
51.875=1473
51.9=252 358 772 2335 2686 3456 13031 13258 13261 15427 18461 20711 21045 21325
51.90=7541
51.94=12117 14299
51/2=11936
510=2973 3048 10546 13173 16329 16750
510,000=5835 6432 11407 11512 11529 16458
510,192=21190
510,917=3681
510.2=11
510.20=15906
510.5=8956
510.80=15906
5100/r=3679 14328
5100a=13707
511=15238
511,000=3806 7338 18721 20658
511,349=8425
511,500=19880
511.0=13890
511.9=19029
512=17711
512,000=4372 9444 12681
512,235=12078
512-kilobit=21035
512-seat=308 3502 3670
513=9706
513,000=10561
513,153=1852 16590
513,542=10597
513,607=18832
513.0=20284
513.1=8313
513.2=2666
513.5=7128
514=382 15768 15841
514,00=20375
514,000=1638 16818 20310
514,656=18830
514.07=15906
514.89=15906
515=618 1369 4876 6561 7757 13752
515,000=2212 4636 5930 10983 20135
515,225=9896 9967 9970
515,229=15888
515,425=1366
515,600=10462
515.1=1428 15473
515.5=530
515.9=20189
516=4045 4562 4574 8815
516,000=327
516,063=11478
516.4=998
516.5=1856
516.7=3980
516.8=13803
516.9=14314
517=2742 12819
517,000=16819
517,333=5993
517,538=9566 9611
517,600=12428
517,699=5461
517,746=13807 13832
517,916=11479
517-mln-dlr=12142
517.0=7128
517.19=940
517.2=21354
517.26=15906
517.4=19046
517.5=7880
517.50=9193
517.8=21362
517.9=21308
518=3179 4755 10460 12292 14609 17089
518,000=4898 8337 21037
518,500=7151
518,564=6311
518.6=9706
52=183 231 299 302 714 715 852 983 1003 1198 1269 1325 1694 1735 1741 1771 1836 1996 2108 2375 2380 2450 2546 2554 2556 2768 2799 2918 3013 3095 3151 3517 3697 3792 3903 4017 4636 4661 4699 4777 4810 5029 5050 5084 5153 5179 5270 5356 5542 5548 5726 5852 5887 5976 6005 6010 6022 6325 6447 6493 6690 6708 6848 6929 7143 7397 7462 7826 8030 8262 8738 8791 8793 8980 9034 9037 9058 9210 9277 9589 9642 9760 9779 9995 10280 10282 10288 10361 10470 10552 10591 10603 10729 11061 11075 11186 11673 11721 12110 12381 12709 12789 14367 14417 14597 14909 15108 15126 15166 15175 15211 15391 15438 15496 15570 15939 16283 16367 16513 17264 17324 17558 17755 17836 17855 18138 18144 18166 18252 18274 18530 18567 18732 18858 18902 19038 19259 19300 19532 19683 19919 20037 20284 20440 20493 20646 20651 20680 20900 20983 21029 21188 21189 21350 21395 21490
52,000=491 495 1067 4216 5327 9339 14070 15189 19365
52,025=18300
52,087,634=15090
52,100=844
52,143=4899
52,198=6232
52,403=4101
52,405=2519
52,409=1639
52,500=2172 9095 10305 14491 14716 14841 15097 15975
52,671.56=20004 20088
52,700=2765
52,922=8335 8339
52-1/2=14545
52-1/4=3198
52-3/4=5463 8831
52-55=12720
52-57=7397
52-7/8=15149
52-to-48=6826
52-week=2833 3816 3947 6146 6463 8506 13115 15940 17703
52-weeks=3214 6112
52.0=926 942 6466 15871 16804 18480
52.00=13716 13972 13985 14344
52.00-53.00=14657
52.02=11241
52.06=20034
52.07=4610
52.1=2319 4197 6759 9975 10963 12334 12416 15387 15860 16809
52.16=6334
52.2=1583 2253 3987 4001 11505 14262 14519 14983 16615 21164
52.25=5203 10537 13860 13894
52.25-52.50.=13859
52.25.=13894
52.3=3582 4149 6968 7405 8296 11904
52.4=573 728 1860 3633 6465 7836 15793 15871 20825 20999
52.42=16938
52.5=1087 1779 3908 4197 7397 8026 9741 11272 11414 13022 17913 18480 19692
52.50=13859 14188 19068
52.53=20283
52.58=2257 6970 7029
52.6=603 731 772 1338 1583 2007 6465 8677 8745 12645 13033 15459 16916 20744 20820
52.63=10468
52.69=104
52.7=3346 4000 5171 6996 7062 16703 18052 20166 20440
52.75=887
52.8=399 2311 9741 15871 16584 19254
52.82=10145
52.84=11760
52.875=9569
52.9=1688 2048 4569 5950 6426 15211 20334 21359
520=1044 1047 4045 4089 9782 13173 13234 13249 13516 13639 15073 16089 17192 19043 19060
520,000=1825 5313 5847 8800 10373 12721 15145
520,200=11031
520,668=7079
520.0=15344
520.1=4630
520.5=15590
520.7=18769
5200=9050 21472
521=3579 3630 4630 10298 13576 15875 18361 19078
521,000=12663
521,219=1040
521,500=17923
521,508=9388
521.1=1466 5711
521.2=1070
521.3=11111
521.7=7884
522=3062 3396 15742 15875
522,000=4363
522,868=1633
522.3=15588
522.50=9193
523=14343
523,000=169 3082 4346 4476 4775 11877 20380
523,625=3132
523.3=11333
523.4=6084
523.7=21362
523.74=10757
524=2428 5767 9160
524,000=4517 20471
524,135=6856
524,715=12224
524,775=3239
524.4=19854
524.5=15917 16934
524.8=15871
524p=9408
525=890 913 3415 4567 6117 6126 13420 14679 16116 16748 18113
525,000=10543 16041
525,354=2765
525,729=19787
525.1=924 11805
525.9=15103
526=446 7757 11794 17180 17186 17252
526,000=5827 8731 12700
526,057=16797
526,071=12704
526,315=4227
526-3/4-527-3/4=14518
526.3=12085
526.5=20999
526.8=2426
527=2742 2856 3517 8166 9770 9784 9821 9848 10297 10376 10473 10548
527,000=1643 21408
527,004=11317
527,035=366
527,065=10046
527,864=3713
527.5=9399
527.88=19562
528=19758
528,000=7398 7516 7728 21106
528,152=18482
528,394=3713
528,790=2561 2800
528.03=19053
528.14=7259
528.40=15906
528p=7603
529=3179 4649 4691 4845
529,000=5886 16844 19357
529,206=1618 1637
529,300=33
529.20=15906
529.4=15380
529.5=15871
529.7=10907
52oo=21472
53=131 138 181 222 231 356 424 598 620 706 960 1084 1320 1327 1431 1449 1890 2472 2887 2979 3136 3156 3260 3356 3860 3903 4081 4521 4562 4574 4644 4814 4954 5165 5289 5426 5453 5706 5716 5774 5899 5926 6022 6105 6146 6447 6504 6594 6627 6708 6734 6850 6910 7874 7884 7970 8162 8272 8585 8597 8636 8661 8738 8910 9273 9475 9899 10326 10436 10606 11009 11196 11214 11354 11395 11721 11896 12110 12115 12416 12748 12961 12970 13031 13044 13091 13186 13191 13229 14826 14919 15205 15667 15683 15864 16763 16790 16800 16817 16933 17032 17135 17144 17449 17712 17900 18436 19024 19170 19171 19246 19474 19633 19682 19810 19850 19977 20004 20168 20226 20276 20300 20314 20533 20590 20596 20605 20697 20744 20784 20814 21264
53,000=1036 2172 14827 16346 20018 20511
53,020=9702
53,040=9566 9611
53,056=1190
53,100=12766
53,248=10322
53,254=10398
53,351=4203
53,412,000=1007
53,500=13189
53,510=12570
53,571=16862
53,600,000=20302
53,604=18517
53,643=16098 16148
53,698,000=16545
53,700,000=12085
53,784=14783
53,800=1067
53,925=9702
53-1/2=9740 14098
53-3/4=9842
53-5/8=5463
53-week=2659
53-year=10743
53-year-old=5666 11842
53.0=1872 3958 8860 9017
53.00=13571
53.000=3839
53.05p=11220
53.1=2311 3954 5493 8092 8677
53.10=2232
53.15=5706 9886
53.16=17901
53.17=8431
53.18=6964
53.2=5241 5306 7836 8311 15762 16346 16698 17869 18435 21302 21435
53.27=9886 14611
53.3=827 3022 13022
53.37=7923
53.4=1024 3427 8668 10226 13022 15213 15762 17971 19254 19359
53.40=8619
53.5=615 1353 2961 8526 9818 12262 15558 16283 19692
53.50=12228 13847
53.51=8431
53.51p=9160
53.55=14107
53.57=104
53.6=2266 3514 4819 5039 7686 17658 21215
53.7=2443 6005 6426 8226 9610 9818 13803
53.75=8012
53.8=2938 3470 3522 4067 6949 8644 16382
53.9=3268 11034 11138 13258 13261 15891 16698 16886 20392 21490
530=960 3262 5150 7041 7391 8040 9142 9782 15421 19056
530,000=2350 5076 6070 6162 9391 10328 11269 19110
530,066=10680
530,500=14833
530,583=14285
530,587=1040
530,641=20600
530.=10045
530.41=14612
530.7=12262
5300=17766
531=19887
531,000=5090
531,253=18475
531,840=4911
531,896=528
531.0=9860
531.29=3353
531.4=15425
531.7=19610 19742
531.8=20266
5312=10557
532=13588
532,000=9317
532,299=1640
532,376=8935
532,807=9098
533=4115 15430
533,000=2459 4476 11630
533.0=21336
533.59=9189
533.7=20213
5338=14467
534=5910 9782
534,000=1191 4901 5886 6000 6067 6197
534,093=1610
534,099=9994
534,209=12359
534,500=20777
534,750=21017
534,806=4748
534,819=4748
534.0=14092
534.4=3462
535=1889 4666 5462
535,110=11689
535,460=1067
535.0=20129
535.1=20476
535.26=940
535.6=20273 20309
535.7=20284
535.8=19887
5350=13608
535p=9408
536=3353 14319 14612 15853 15875
536,000=3755 16360
536,040=2101
536.0=11711
5362=13623
5363=20199
5364=20199
537=12523 15247 15263
537,000=3238 11733
537,500=2589
537,609=10087
537,950=12240
537p=9182
538=8561 8628 8666 8839 15864
538,000=1265 5463 6218 11568 17250 20432
538,654=8092
538,750=12484
538.6=861 21381
538.9=4197
538p=9408
539=8820
539,000=6084
539,769=579
539.2=6115
539.4=3593 10520
54=131 173 335 402 411 614 649 1011 1021 1741 2318 2337 2501 2548 2562 3260 3873 4004 4344 4398 4443 4951 5463 5565 5787 6187 6402 6497 6604 6844 7086 7110 7400 7742 7977 8163 8226 8310 8376 8497 8548 8582 8585 8595 8661 8823 8868 9246 9522 9526 9682 9836 9979 10225 10600 11036 12022 12115 12167 12231 12250 12649 12682 13140 13890 14335 14444 14504 14543 14748 15063 15221 15240 15297 15395 15409 15489 15700 15743 15864 16078 16317 16385 16533 16964 17180 17186 17316 17374 17455 17712 18651 18885 19283 19930 20340 20357 20479 20490 20784 20825 21191 21229 21254 21324 21346 21373 21405 21437
54,000=2309 4077 4630 5339 10300 10319 11690 12161 12757 13179 15276 17057 17167 17378 18258 18544 19485
54,011,000=21012
54,101=10279
54,115=20374
54,200=6254
54,232,000=21225
54,329=2765
54,400=816
54,500=1067
54,576=9265
54,686=8027
54,775=19966
54,791=6243
54,808=11685
54,965=11980
54,982=18546
54,993=4884
54-1/2=16401
54-1/8=7195 14279
54-3/8=15083 18788
54-7/8=6023
54.0=2426 3514 7366 15221 18155 20392
54.1=772 1338 2319 7836 7948 15586
54.2=711 2101 3427 8128 8963 10644 13803 15324 17924 17926 18646 21193 21327
54.24=19494
54.25=8595 9206 16163
54.2940/4026=13324
54.3=581 2300 4050 11413 13176 14735 16584 19961
54.34=5817
54.3474/4562=13324
54.35=4302
54.37=15743
54.38=8759
54.4=1423 2916 12730 12837 19254
54.4-r=11932
54.44=5170
54.45=7022
54.47=10757
54.5=538 4197 5241 16703 17082 17480 17486 17783 17805 17971 18480
54.50=251
54.55=3705 3727
54.6=177 3615 4083 5565 8155 8163 10247 12296 12901 19270 21252
54.66=4610
54.7=715 5241 5817 7836 11145 12262 12620 12646 19657 19723 21412
54.75=8791
54.8=1583 5600 5657
54.86=389
54.89=12927
54.9=1013 2101 2426 3456 3463 3828 7062 8644 12099 13022 18356 19254 20319 20392 21037
54.96=9178
54.99=15391
540=374 1918 2853 5812 7683 8126 9190 10363 14984 15401 17014 17435 17571 18911 20757
540,000=79 7472 18463 20008 21185
540,977=10885
540-600=14323
540.9=2203 8865 15555 21373
541=4649 4691 7485 18134 20393
541,000=534
541.0=560
541.3=818
541.5=7408
541.8=20538
542=4088 11824
542,000=16684
542,119=7079
542,684=18607
542.0=11711
542.2=8618 8685
542.3=20747
54238=10206
543=2955 2959 5765 8132 9281 15864 15875 17089 17158
543,000=6298
543,237=1760
543-21=4151
543.15=6690
543.2=5257
543.6=21275
544=503 18541
544,000=14928 21447
544.0=2856
545=2117 3001 9745 15308 15363 15674 15875 18758
545,000=2164 2789 3569 6885 8527
545,303=4686
545,528=11173
545,670=5495
545.5=2666
545.6=8902
545.7=9478 9485
545.71=10757
546=4045 10710 12745 15875 16630 17148 19418
546,000=8117 19680
546,069=15679
546,423=12254
546,600=6672
546.4=20538
546.9=15908
547=4089 14464 17212
547,000=6010
547.0=20117
548=4045 8956 15323 15641
548,000=6138 19366 21208
548,054=11317
548,254=21234
548,442=5078
548,538=2887
548.5=15871
548.6=14853
548.76=10830
549=3179 15875 17653 19294
549,000=2409 16551
549,437=21042
549,928=11564
549,950=9330 9390
549.1=21012
549.3=6592
549.5=2104
54p=19378
54th=15991
55=2 28 79 109 201 208 462 773 865 1021 1108 1474 1557 1616 1644 1689 1715 1797 1803 1833 1918 2148 2161 2193 2428 2567 2580 2615 2645 2711 2839 3069 3745 3879 3890 4019 4112 4141 4354 4456 4522 4581 4636 4864 5015 5297 5482 5501 5529 5573 5575 5680 5705 6202 6215 6309 6447 6451 6465 6469 6685 6771 6921 6930 7226 7263 7397 7399 7543 7572 7758 8087 8094 8147 8167 8254 8419 8857 8892 8910 9066 9283 9382 9444 9557 9569 9624 9844 10001 10078 10168 10345 10476 10529 10584 11442 11504 11533 11599 11708 11804 11823 11962 12022 12115 12133 12281 12521 12647 12709 13041 13062 13125 13850 13904 14141 14180 14402 14653 14697 14758 14968 15257 15264 15597 15655 15678 15722 15725 15737 15743 16097 16247 16252 16495 16513 16568 16662 16811 17152 17157 17327 17347 17562 17865 17910 17946 17948 18186 18252 18403 18466 18468 18526 18541 18640 18716 18834 18849 19136 19349 19760 19810 19841 19934 20373 20384 20600 20682 20770 20825 21016 21037 21057 21103 21112 21165 21238 21255 21304 21324
55,000=24 2227 2572 3806 3869 4643 4953 5156 5244 5330 10489 10831 14099 15341 15618 15676 15751 16739 17090 17416 19019 19917
55,000-tonnes-per-year=9912
55,019,000=19231
55,054=12991
55,055=12332
55,190=16098 16148
55,192=6894
55,200=1067
55,352=4341
55,367,000=2298
55,400,000=7120
55,493=11663
55,500=4643
55,513,000=65
55,693=6354
55,900=19441 20752
55,925=19067
55,960,000=21453
55-5/8=15589
55-65=13221
55-7/8=5463
55-82=14685
55-day=5809 5853
55-mile=16690
55-pct=2777 19036
55.0=11850 14872 20299 21215
55.01=4610
55.04=15391
55.1=5624
55.15=14117
55.19=17237
55.2=2686 5426 7504 7673 13139 14500 15875 19697 19732 20392 20605
55.3=670 2133 3751 7728 16569 16775
55.35=18284
55.4=2657 7155 9803 21193
55.45=10552
55.46=7923
55.47=14501
55.5=1338 2657 6787 7934 11713 12841 18480 18591 19504 20392
55.521=8964
55.6=5817 10544 11332 18324 18411 18414 19431 21254 21302
55.63=17922
55.68=4610 4621 4626 7674 20283
55.7=773 1854 2619 10500 13424 14276
55.8=6 252 358 408 6283 8209 10840 16760 18176
55.8-r=11932
55.80=14117
55.9=2300 7483 8209 8860 14276 15145
550=1149 1535 1937 2269 2565 2576 3027 3290 3485 4269 5360 6338 6346 6376 6688 7408 7586 9142 9642 9892 10082 11213 11715 12183 12811 12917 12925 13042 13050 13689 13858 14665 14829 14833 15875 16778 16914 16978 18398 18529 18785 19218 20354
550,000=3472 3520 3617 3737 5532 6501 7304 7338 8284 9278 10300 15643 16363 16365 17059 17519 18781 18801 19715 20230 20511
550,332=8096
550,625=3695
550-600=14323
550-640=5486
550-700=14685
550.1=6559
550/700=13682 14362 14673 14685
550/up=14685
5507=14057
551=15875 18781
551,000=2552 6325
551.5=20446
551.7=299 390
552=3353 4089 20292 21101
552,000=6670
552,035=19787
552,500=6748
552,646=20270
553=5298 15875
553,000=8045 8740 11443 12904 16365
553,310=1452
553,350=17709
553,687=90
553.4=16668
5537=10521
554=15940
554,000=2590 5003 6313 8684 20432
554,878=5894
554.7=15473
554.79=6690
555=4045 10594 15238
555,000=8391 12659 21244
555,057=7817
555,722=5984
555,989=638
555.0=15871 18495
555.6=12783
555.81=9189
556=2744 4366 5104
556,000=7272 10964 14928
556,036=3582
556,500=16923
556,620=17581
556,860=11173
556,874=228
556,953=1854
556.1=19884
556.7=41
557,000=773 20646
557.2=10649
557.5p=9771
557.8=21325
557p=5529
558,000=5316
558,089=4679
558,800=9562 9563
558.1=7408
558.9=41
559=868 2695 10298 10594
559,000=11733 16371
559,219=18986
559-member=19877
559.2=20314
559.5=15871
559.59=13900
55th=15991
56=157 370 621 995 1084 1087 1353 1445 1502 1825 1918 2048 2456 2594 2596 2695 2833 2979 3486 3557 4350 4546 4765 4934 5359 5453 5461 5723 5887 6052 6146 6283 6402 6734 6809 7074 7120 7155 7200 7374 7484 7512 7747 7756 7864 7977 8114 9034 9519 9807 9886 9899 10008 10078 10094 10199 10853 11091 11377 11520 11776 12115 12187 12211 12279 12376 12382 12453 12541 12658 12926 12951 12992 13003 13019 13062 13216 13235 13739 14698 15115 15238 15336 15387 15725 15737 15762 15822 15864 15932 15984 16005 16027 16130 16215 16377 16890 16987 17374 17377 17382 17700 18065 18317 19036 19433 19475 19737 19854 19961 20052 20119 20168 20285 20339 20356 20470 20562 20681 20747 20837 21047 21455
56,000=1279 5185 6386 6751 7395 9937 10538 15667
56,164=13063
56,182=20670
56,195=8848
56,200=21073
56,250=14969
56,437=17685
56,500=313 18652 19715
56,578=14418
56,595=16899
56,620=10322
56,652=16079
56,704=1743
56,782=9312
56,801=12023
56,823=2557
56,879,000=2033
56,900,000=4777
56,901=4436
56,928,000=20215
56,960=12862
56-1/8=16588
56-7/8=15589
56-day=13264 13298
56.0=581 1112 2212 6524 7700 13424 14483 15875 16569 18432 20357 21398
56.00=13980
56.02=19880
56.05=14117
56.1=920 983 2033 2426 6447 8979 13803 14092 16307 17385
56.2=282 1722 1846 4901 4930 5291 19100 20473 20906 20949 21081 21460
56.22=18284
56.25=16643
56.3=2198 11145 13022
56.30=14117
56.4=619 2311 4612 11365 11690 16206 18348 21275
56.4p=8644
56.5=2311 2619 5050 20181 20189
56.50=11663 12082 14501 15875
56.6=9818 11543 12505 14832 15279 16615 20517
56.7=2319 2443 2562 10543 11824 12570 15188 21385
56.75=14501
56.8=11739 12841 13803 16760 20370 20535 20800
56.88=319
56.89=14207
56.9=1423 3903 4014 4810 10313 12355 12709 13803 13892 15793 20223 20304
56.97=9691
56.99=1464
560=2184 4427 4630 12123 12814 17219 18006
560,000=8925 9367 16157 20471
560,000-dlr=18305
560.1=19850
560.3=20813
560.6=20747
560.61=887
560.7=7597
561=4672 5472 9191 16978 17914
561,029=10094 10095
561,384=6524
561,830=12381
561.3=15917 20822
561.8=2203
562=891 15420
562,000=5658 6471 12722
562,231=151
562,248=13214
562.01=1147
562.4=2555
563=356
563,000=315 3870 3884 7184 15985 16814 17834 20191
563,889=18482
563.1=7742
563/567=14038
5636=20199
564=2428 5113 15875 17841
564,000=557 4157 16527
564,000,000=20138
564.50/565.50=13459
564.8=3989
564p=19378
565=174 637 2744 8239
565,000=8117 13738 15675 18718 20407
565,100=3632
565,106=1177
565.4=18709
565.50/566.50=14250
565.6=20546
565.75=13459 13987 14250
566=19504
566,000=16814 21205
566,429=10556
566,535=21192
566.3=11333
566.35=13987 14250
566.7=16533
567=880 3592 6562 11715 15420
567,000=10964 16410
567,800=17784
567.4=10381
567/571=13423
568=7423 16145
568,000=1837 8893 19892
568,884=5535
568.8=3462
569=1179
569,000=4517 17848
569,200=5306
569.3=13 1314
56th=11170
57=207 218 235 238 299 370 483 646 783 983 1135 1187 1210 1317 1583 1759 1768 2061 2132 2212 2415 2428 2435 2459 2667 2731 2744 2818 2856 3306 3624 3730 3954 4023 4045 4328 4696 4794 4973 4985 5039 5212 5318 5494 5774 6063 6182 6586 6590 6945 7518 7734 7752 8036 8083 8138 8311 8337 8510 8585 8661 8800 8970 8986 8995 8997 9104 9389 9519 9544 9648 10037 10130 10598 10753 11145 11308 11400 11418 11502 11599 11936 11985 12021 12718 12926 13239 13683 13814 14258 14370 14520 14832 14970 15024 15327 15628 15667 16175 16206 16240 16263 16577 16918 17149 17331 17388 17634 17710 17760 17773 18068 18317 18444 18875 18971 19068 19175 19415 19682 20334 20383 20391 20448 20557 20746 21100 21295 21322 21327 21373 21403
57,000=6481 9208 11878 15834 19915
57,103=6951
57,276=8848
57,300=16974
57,341=5317 5543
57,450=228
57,800=9393
57,900=10175
57,911=11230 18606
57-1/2=9490 16401 21086
57-1/4=17166
57-3/4=14352
57-58-1/2=14669
57.0=5241 11721 12383 14483
57.00=13571 13980
57.00-59.00=14657
57.1=887 921 938 2048 15871 21460
57.14=5623
57.16=18284
57.2=3456 6022 11967 16522 16569 20353 20545
57.3=187 813 3117 11827 13033 16205 21252
57.32=2378
57.33=3615 12927
57.37=17887
57.38=4621
57.4=5769 8209 12934 15832 15841 19952 20660 21055 21325
57.5=2300 2303 6406 6930 9352 9444 10473 10485 10548 12730 12767 12837 13146 15238 15875 18742 20682 21196
57.50=20546
57.52=18487
57.6=7752 8126 12195
57.63=17901
57.7=54 1459 3541 4029 5624 17658 20046 20535 21196
57.78=9189
57.8=10699 13803 14092 20132 20346 21325
57.9=2657 16569 21114
57.95=16315
57.97=940
570=5813 6195 7366 8595 11228 15674
570,000=2667 3784 5175 9334 14569 18397 19674
570,222=9389
570,491=8340
571=7125 11705 11711 12279
571,000=4494 10097
571,336=14540
571.0=20538
571.01=16198
571.50=14374
572=7421 7562 17190
572,000=2028 4732 6149
572,100=9097 12722
572,406=1657
572.2=2856 15604
572.20=14426
572.8=10649
573=7022
573,000=1706 2568 12294
573,300=16684
573.1=7404
573.50=13780
574=7531 12738 15864
574,000=6041
574,363=12240
574,921=18475
574.2=20450
574.24=7473
574.6=19164
574.8=18348 20339
575=1890 2742 4427 8938 11123 12521 15875 16946 17672
575,000=2574 5010 5899 7970 10802 12357 15062 20363
575,806=16645
575,859=6103
575.9=9519
576=2695 14477
576,000=1010 1528 1603 6496 17682
576,358=20527
576,694=9874
576,990=17059
576.05=14612
576.3=4974
576.6=11859 15871 17965
576p=19507
577,000=1364 8477 9453 9489 11338
577,336=781
577,389=3557
577-member=14825 14905
577.2=19038
577.50=14374 14426
577.9=17385
578=4089
578,000=2590
578,900=8286 8317
578.5=6869 7056
578.50/580.50=16162
578p=5212
579=12491 15864
579,000=5128 6010 15065 19357
579,576=20479
579,600=6092
58=38 282 649 686 875 1111 1460 1483 1836 1842 2161 2353 2357 2386 2903 3194 3430 3864 4218 4283 4796 4995 5321 5565 5654 5679 5918 6094 6656 6760 6895 7061 7174 7372 7438 7734 8585 8661 9050 9066 9209 9274 9668 9792 9952 9963 10168 10225 10455 10486 10547 10739 10944 11109 11564 11632 11936 12034 12077 12106 12233 12453 12541 12631 12968 13253 13814 13890 14520 14971 15006 15056 15063 15090 15104 15211 15413 15864 15881 16158 16188 16391 16569 16719 17180 17186 17202 17307 17543 17700 17712 17896 17961 17967 17971 18140 18252 18312 18640 18648 18730 18880 18953 19275 19760 20105 20174 20228 20634 20685 20800 20855 21081 21385
58,000=4328 4593 4689 4747 5100 9334 12898 19619
58,088=5354
58,285=19790
58,300=467
58,388=4914
58,400=1772 17358 18352
58,484=8090
58,503=19704
58,506=10021
58,597=12023
58,729=8818
58,750,000=9806
58,863=5043
58-1/2=14102 14184 14609
58-3/4=8864
58-5/8=3487 13938
58-7/8=10080
58-year-old=19432
58.0=1285 11436 15871 20728
58.00=10474 13980 14657
58.1=2657 4291 6372 12505 13033 15103 16207
58.18=2378
58.2=4220 9441 11543 12426 16760 18405 20117 21327 21436
58.3=3486 5680 5889 18816
58.30=20283
58.34=6964
58.373=18109
58.4=7099 17035 20181
58.5=619 1638 3736 4517 11629 11685 12875 18480 20135 21283
58.52=18527
58.59=15906
58.6=3077 4332 10043 11076 11580 12401 15221 17023 17256 17971 19377 21275
58.7=598 6353 9316 13064 14832 15188 15279 15875
58.71=18487
58.72=1924
58.8=620 2005 5726 6420 15297 20140 20376 21308
58.9=1423 3173 12271 12362 13496 16207
580=730 2307 4677 8149 9555 11381 12555 12827 15308 15875 17152 17157 18317 18339 19593
580,000=1003 1706 2700 5316 5339 19715 19953
580,204=855
580,488=3680
580,955=1015
580.3=12488
580.37=3353
580.4=21347
581=2428 4519 14448 15573
581,000=7495 12686
581,915=2101
582=375 7543 8247 13623 19544 20836
582,001=20479
582,300,000=4205
582.3=4223
583=891 13438 15103
583,000=9378
583,225=11886
583,650=21404
583,715=10972
583,747=10200
583,806=6619
583.1=13717
583.3=20189
583.50=16162
583.83=6358
583.99=4811
584=1100 1272 8777 19294
584,000=10851 16527 17788
584,100=2437
584,118=4257
584,493=10885
584,855=9525
584.3=18315
584.4=3989
584.5=15871
585=6561 13797 17457
585,000=2539 2544 12153 14091 18397 19570
585,175=19787
585,552=5610
585,555=14418
585,600=851
585,794=14418
585,866=10600
585.6=560 6534
585.7=818
586,000=449 4729 5624
586,471=12381
586,500=20457
586,826=2393
586.2=12296
586.65=4811
586.7=13033
586.9=20894
587=13576 17911
587,000=2234 4581 11416 16030 21193
587.0=13803
587.3=9706
587.9=3721
588=1654 3596 13420 13576
588,000=5003 5738 11106
588,720=9702
588.025=15809
588.2=6115 21453
588.4=5464
588.5=7726 7884
589=6948
589,000=6504 17901
589.3=9736 21012
589.51=9037
589.7=12282
59=530 560 1070 1104 1168 1610 3695 5520 5726 5878 5918 6213 6363 6420 6787 6790 6863 7128 7253 7551 8318 9058 9733 10765 11085 11418 12715 13031 13191 14612 15028 15053 15141 15307 15345 15773 16464 16510 16597 17130 17821 18243 18309 19106 19294 19682 20159 20168 20266 20904 21209 21327 21362 21412
59,000=1036 4363 5744 9305 9349 10023 11630 11826 11893 13169 21208
59,198=8915
59,299=6051
59,396=8340
59,430=4436
59,500=2172
59,520=11031
59,527=10196
59,590=8883
59,605=8654
59,608=2834
59,648=18315
59,654,702=4541
59,700=10174
59,800=6481
59,900=8751
59,922=2270
59,960=1246
59-1/2=6914
59-1/4=9456
59-3/4=9947 14279
59-5/8=6202 10080
59-billion-dlr=8044
59.0=15459 18699 21325
59.1=5072 7700 8318 8595 9158 12262 21114
59.12=10783 10953
59.15=18284
59.2=2956 5672 6376 14092 21474
59.3=594 2810 5293 6787 8254 12893 13496 14849 17385 18480 20984
59.4=2048 2179 2415 11724 15875
59.44=17440
59.49=11436
59.5=1543 5817 7700 10674 18006 18971 21325
59.50-62.00=14657
59.52=4610 10757
59.6=15444 16760 20628 21117 21254
59.7=2253 5936 6022 6217 12352 18834
59.75=4072 4221
59.78=16137 16181
59.8=1178 1251 3169 3629 6217 16240 16987
59.89=19493
59.9=2319 5105 8209 15192 16927 20535
59.94=17784
590=6014 13993 14763 15557 15742 20204
590,000=19570
590,460=4378
590,463=3680
590.8=19174
590.9=13803
5909=14467
590p=9771 19050
591=6014 11213 15557 15742 15875 15987
591,000=18650
591.0=11711
591.7=4149
591p=2001
592=496 1808 4657 4938
592.19=4811
592.2=12426
592.37=19515 19554
592.9=7797
593=13033 17876
593,000=1785 18334
593,200=15365
593,533=2429
593,827=6619
593.5=12044
593.86=19515
594=5834 6558 7102 7230 7396 10030 10456 10798 12491
594,000=1265 8893 14971
594,500=4036
594.3=16367
595=9480 9639 17557
595,000=9456 11307 17655
595,635=12254
595.2=13803
595.4=10611
595.6=4402
595p=4456
596=15547 15581
596,000=6257 8447 14971
596,354=15984
596,740=10200
596,760=6257
596.1=21453
596.6=2426
596.8=6146
597=6970 7029 9281
597,000=11106 13715 19619 20372
597,885=17956
597.1=15871
597.3=1059
597.5=924
597.9=21415
598=5189 12463 15875
598,000=2047 2316 4494 14983
598,095=15259
598,550=12484
598.09=10287
599=10381 15864
599,000=10381
599,107=16461
59th=16090 16199 20764
5c=2264
5e=21304
5ess=604
5ess-prx=6090
5p=3021 9189 13420 15161 17950
5t=13707
6=5 268 322 355 424 645 748 749 1055 1059 1170 1395 1575 1738 1807 1916 1928 1983 2005 2008 2288 2379 2765 2777 3239 3256 3298 3342 3348 3394 3399 3422 3698 3732 3750 3881 4040 4093 4262 4610 4767 4870 5244 5256 5668 5831 5834 5856 6070 6180 6341 6377 6393 6448 6558 6656 6958 7043 7081 7137 7185 7241 7257 7265 7352 7440 7469 7509 7567 7746 7979 8004 8009 8020 8175 8733 8786 8976 9211 9281 9354 9438 9530 9750 9775 9841 10171 10181 10186 10609 10646 10732 10764 10810 11043 11253 11358 11576 11580 11704 11800 11807 11845 11862 11911 11948 12419 12574 12579 12731 12740 12796 12877 12938 13057 13083 13095 13179 13193 13242 13249 13326 13346 13404 13422 13499 13682 13683 13799 13806 14207 14406 14486 14573 14599 14758 14791 14849 14855 14856 14898 15048 15057 15073 15157 15357 15377 15418 15707 15710 15736 15952 16021 16087 16109 16149 16951 17248 17296 17306 17318 17342 17421 17879 17970 18271 18286 18563 18616 18850 19043 19196 19363 19392 19438 19472 19715 20216 20750 21429
6,000=320 332 944 1663 1696 1817 3018 4305 4681 5175 5481 5636 6221 6396 6714 6957 7023 7957 8004 8015 8159 8360 8412 8800 10328 11233 11878 11885 11893 12076 12517 12595 12770 12786 12849 12872 12956 12989 13179 13501 13517 13855 14716 15556 15837 15932 15988 16582 16945 16956 17103 17105 17512 17598 17895 17947 17953 17980 18148 18407 18429 18455 18456 18507 18991 19000 19047 19062 19751
6,000,000=1080 5950 20984 21324
6,000-hectare=951
6,000/10,000=12162
6,005,000=10538
6,008=15853 15875
6,008,000=1284 1288
6,009,026=18180
6,016,000=11713 20324
6,016.3=13803
6,017=10279
6,017,000=16590 17543 18155
6,021,000=18719
6,026,343=20968
6,028,000=20918
6,028,263=20527
6,028,755=3633 3908
6,030,000=6104
6,034=12275
6,034,000=5505
6,036=15853 15875
6,036,000=10108
6,036,800=19838
6,037,640=1080
6,038,000=20640
6,048=2977
6,050=3559
6,050,000=1084
6,050,968=4219
6,051,000=2212
6,052,000=17543
6,053,000=20972
6,053-y=15953
6,057,000=15732
6,057,495=13087
6,058=4436 12224
6,060,000=13715
6,065,000=3617
6,067,676=11578
6,068,254=10046
6,072,000=6485
6,073,000=12271
6,076,000=7476
6,084,000=5563
6,089,000=15729
6,090,576=15668
6,091,334=17672
6,095,000=10964
6,100=12319 15751 17434
6,100,000=16795
6,101=17434
6,105,000=6104
6,106=12813
6,111,000=8767 9810
6,112,000=21218
6,116,000=5452
6,122,133=21206
6,122,378=9097
6,127=12224
6,127,000=5680
6,134=1861
6,146,787=3215
6,150,000=21265
6,153,000=15336
6,154,000=6799
6,155,461=1301
6,157,000=21238
6,159,000=18308
6,160,000=7046
6,161,391=15733
6,162,000=6274
6,168,105=20400
6,169,168=201
6,173,000=7465
6,174,731=1301
6,177,000=16888
6,177,666=5317 5543
6,180,000=17543
6,186,51=1449
6,187,000=9372
6,191,000=8859 9973 9981
6,194,000=1301 8577
6,195,000=818 2663
6,195,527=9914
6,197,000=1087
6,198=12892
6,200=7026
6,200,000=5090 5106 6466 9238 15821 17552 17965
6,200,293=1449
6,202,157=5538
6,203,000=12645
6,206,487=20400
6,207,723=11566
6,211=12813
6,215,538=15265
6,219,157=20976
6,220,000=18243
6,231,242=10196
6,233,000=20324
6,234=12254
6,235,000=12860
6,237,000=4353 17543
6,238,720=4788
6,244,000=10165
6,245,012=2613
6,246,664=4788
6,247,000=4819
6,248,000=2919
6,249,000=8859
6,250,000=11874
6,253,000=1585
6,254,000=7449
6,257,000=7465
6,258=15875
6,258,000=2718
6,262,000=21165
6,264,000=2518
6,265,000=10572
6,271,010=4457
6,275,144=18596
6,285,714=5931
6,287,000=1198
6,290=18493
6,292,000=6491
6,293=12813
6,295=12496
6,296,701=10600
6,299,000=11320
6,300=12951 16090 16199 17411
6,300,000=2691 12170 15800 18864 19670 20753
6,301.0=15871
6,302,000=11633
6,303,000=16432
6,306,0000=41
6,307,096=2111
6,309,000=8229
6,310,000=20376
6,310,841=5354
6,311,500=2437
6,311,808=9366
6,318,000=142
6,319=16422
6,319,337=2479
6,322,000=1245
6,323,000=16655
6,325=12484
6,327,000=4794
6,328,000=20498
6,330,000=8979
6,332,471=2024 15565
6,335.0=15871
6,338,000=2275 4216
6,339,000=20770
6,339.3=13803
6,340,000=6491
6,342,353=598 620
6,346,000=1111
6,347,702=6809
6,349,753=1759 1768
6,350=15853 15875
6,354,000=4751 21142
6,357,000=15680
6,358=13111 13216
6,358,000=2602
6,359,000=557
6,360,000=3059
6,361.3=15871
6,364,992=11305
6,371,092=12079
6,372,000=20779
6,374=8366
6,375,000=2827 21346
6,377,000=20105 20228
6,380,000=1523
6,386,000=3672
6,390,995=4273
6,393,000=20793 21103
6,394,000=5913
6,398,000=20904
6,399,000=21219
6,400=4203
6,400,000=1751 20671
6,400-tonne=6411
6,403=13134
6,404,536=6620 15233
6,406.5=13803
6,407=12979
6,407,000=19812
6,410,000=5297
6,411,000=20531
6,411,103=2111
6,416,000=9558 15732
6,419,230=11028
6,425,000=15822
6,425,925=6743
6,430,000=8810
6,432,000=3025 3094
6,438,000=14069
6,448,000=6455
6,452,000=4887
6,455,525=12484
6,456,882=1446
6,460,000=11713
6,467,000=8814 11684 20421
6,468=13687
6,469,001=20381
6,472=1629 1641 8872 8874
6,473,000=2459
6,474,000=7078 16377 20770
6,475,000=21255
6,475,385=14511
6,479,516=11035
6,483,000=1554
6,486,000=6129 11754
6,490,000=16817
6,492,000=1134
6,494,000=9334
6,495,000=3602
6,496=15875
6,499,000=9333
6,500=660 7067 7927 12849 14163 15853 15875
6,500,000=538 5716 17500 19096
6,500-8,500=14491 15097
6,503,811=11305
6,506,792=2566 2569
6,508,000=2919
6,508,379=5744
6,510,462=5744
6,511,591=5744
6,512,462=5744
6,512,700=5610
6,516=2765
6,517,000=6668
6,518,133=4378
6,519,473=10196
6,520=13134
6,520,928=9287
6,525,051=1460
6,526,253=1691
6,536,000=3874
6,536,008=1080
6,538,000=2945
6,542,000=20983
6,544,000=9237
6,545,000=5951
6,545,722=1460
6,547,000=2444
6,549,197=18155
6,556,000=21430
6,556,464=822
6,557,000=2687 2748
6,561,000=10027 10040
6,562,472=15307
6,563=2761
6,563,000=21022
6,564=18550
6,564,000=12137
6,565,000=13180
6,567,000=2099 8956
6,568,000=5600 5657
6,569,000=14998 21219
6,570,000=8965
6,572,000=9480
6,574,000=20357
6,576,670=7192
6,577,000=5464 5600 5657
6,587,000=6146
6,591,000=8879
6,592,736=21206
6,593=13611
6,597,000=16206
6,597,492=18155
6,598,580=756
6,598,871=15668
6,599,000=6743
6,600=1060
6,600,000=1138 1181 3629 5359 5366 6047 8447
6,601,717=8793
6,603,285=5976
6,604,000=6681
6,605,879=2092
6,606,646=4920
6,6069=1139
6,610,000=2266
6,611=222
6,612,000=5744
6,613,327=13165
6,613,551=3785
6,614=16205
6,614,000=4751
6,617,000=2266
6,618,063=15668
6,621,000=21283
6,625,000=15062
6,626,000=16804
6,627=1481
6,629,000=2471
6,631=1139
6,631,222=5965
6,633,989=5043
6,635,318=27
6,636,000=13656 17034
6,639,540=8294
6,642,490=8488
6,646,587=10923
6,650,000=11336 19803
6,651=15875
6,654,000=1461
6,658=9050
6,659,000=20438
6,668,000=7388
6,668,309=1460
6,669,488=1460
6,679,745=3785
6,687,138=18155
6,700=2802 8943 15875 17415
6,700,000=1528 3771 6830 7065 10840 11009
6,705,000=9475 16339 16342
6,706,000=4791
6,709,000=20488
6,712,000=1320 1327
6,714,000=4176
6,714,372=19142
6,714,468=20968
6,715,000=21077
6,720,000=11617
6,720,440=7714
6,722,527=18155
6,725,462=4920
6,726,327=2561
6,731,000=2028
6,738,000=15669
6,739,351=6231
6,740,000=2092 7734
6,747,000=2602
6,747,442=3676 4239 4292
6,748,868=3557
6,750=12849
6,750,000=5548 9806
6,750,431=12381
6,751,830=6042
6,754,000=19865
6,759,000=5950
6,760=8764
6,760,000=4805
6,761,000=5422
6,763,000=21283
6,764,004=10022
6,767,143=20583 20672
6,768,000=8559
6,769,000=21406
6,770=4041 4125
6,774,000=6146
6,776=2019
6,778,000=739
6,781,000=17965 18602
6,782,000=1376
6,786,579=20817
6,788,000=7449 8291 11499
6,790,000=6244
6,799,000=11301
6,800=1696 4734 12174 14647 17355
6,800,000=15145 16447 20453
6,802,000=19865
6,803=16370
6,805,000=21195
6,805,951=9097
6,806,000=1198
6,808,000=3629
6,808,100=4599 8993 10172 12711 15999
6,810=10785
6,811,280=2663
6,813=13380 13382
6,818,000=4751
6,822,293=21234
6,822,493=8793
6,828,368=2820 2834
6,829,000=21182
6,830,000=5930
6,837,871=16422
6,839,827=7482
6,841,638=10600
6,842,000=20586 20650
6,843=1702
6,846,000=998
6,846,367=20284
6,849,499=3557
6,852,000=14960
6,853,000=6325
6,855,000=20278
6,866,000=6475
6,872,630=3634
6,873=12951
6,873,000=20630
6,874,383=16422
6,874,505=3676 4239 4292
6,874,970=2092
6,875,706=2092
6,876,000=21237
6,877,360=2092
6,881,800=496
6,882,497=16590
6,886,414=6273
6,889,000=21322 21403
6,891=4378
6,895,290=20655
6,896,000=5493
6,897,000=5313
6,900=17415
6,900,000=6591 20768 21488
6,901,000=5532
6,912=13434
6,912,000=20473
6,913,000=20593
6,914,000=20473
6,918,000=21219
6,918,266=21036
6,922,215=8345
6,922,949=9106
6,935,000=846
6,946,000=2918
6,950,000=1213
6,951,000=6500 6701
6,957,300=2866
6,959,000=4021 20557
6,960,700=8993
6,961,000=20395
6,961,091=18180
6,964,000=5600 5657
6,966,000=20888 21028
6,968,700=14524
6,969,000=6041
6,969,389=4788
6,974,000=2304
6,974,554=11549
6,979,000=3569
6,983,000=7115 16454
6,990,000=16655
6,993,000=20256
6,995=12496
6,998=367
6-1/16=475 3121 5998 6046 7716 7769 8098 8142 14708
6-1/2=141 270 278 915 4895 6404 7014 7586 9082 9753 9888 10735 11602 11650 11817 11848 12394 12499 12597 13387 13396 13410 13571 14330 14780 15498 15635 16120 16161 16331 16383 16565 16792 17018 17191 17952 21102 21247
6-1/2-year-long=8093
6-1/2-year-old=3455 3464 3525 7350 8675 10647 14891
6-1/4=242 915 1112 1125 2379 2601 2966 4830 5404 5439 5869 5988 6151 6610 6684 6992 7717 8146 8411 9151 9361 10080 10246 10727 11083 11189 11746 13125 13221 13533 13592 14217 14708 14811 15294 15410 15492 16161 17036 17758
6-1/8=203 278 475 2601 3121 4275 4298 5237 5869 5927 7607 8142 8802 8951 10464 10503 11189 11319 11518 11746 13322 13592 13771 13994 14178 14217 14390 14708 14811 16053 19705
6-10=14685
6-11/16=12780 13387 13396 13533 14811 15625 17577
6-12/4=12161
6-13/16=13387 19529
6-15/16=915 17204
6-20=7160 17137
6-3=9716 16995
6-3/16=522 1078 3164 5869 8299 8344 9439 9943 9988 10727 11946 12183 13322 13387 14811 15410 15615
6-3/4=1208 1219 5623 5668 6019 7412 8034 9886 9947 10617 11382 11746 13378 13396 13470 14015 14246 14555 14811 15116 15167 15177 15410 16161 16180 17204 17952 18724 18763 19201 19237 19529 19552 19693
6-3/8=3694 9169 9276 10864 10913 11382 11425 13387 13771 14390 14811 15049 15096 15505 16096 16120 16161 16993 17036 17574 17873
6-3/8s=14708
6-5/16=3694 3735 13387 13533 14811 16565
6-5/8=242 13396 16120 16161
6-7/16=13387 14811 15163 15410 16120 16331 16993 17005 17343
6-7/8=242 2407 3664 9753 13533 14080 14811 16161 17204 17758
6-8=11558 15997
6-9/16=13379 13387 13533 14217 14811 15410 16161 18051
6-billion-canadian-dlr=11490
6-cylinder=12894
6-mln-u.s.-dlr=17862
6.0=422 1084 1837 2062 3016 3306 3336 3907 4673 5660 6951 7494 8706 10551 10757 10883 11331 11341 11452 11744 12843 12943 12971 13284 13532 13730 15374 17380 17901 18345 19448 19482 21130 21243 21248
6.0-mln=12943
6.0-x=15871
6.00=4638 12010 12912 13451 13665 14190 15579 15863 15910 20868
6.000=8004
6.01=2155 2378
6.02=475 818 18490
6.03=4470
6.04=9691 10450
6.05=225 850 5404 6543 15192 19044
6.0525/75=13419 13564 14357
6.0565/90=13418 13667 14175
6.0575/0625=13564
6.06=4602 4647 7716 21142
6.0600/20=13396 14780
6.0612=14312
6.0615/35=10358
6.0620=13667 14175
6.0640/70=14175
6.0650/0700=10358
6.0650/700=14357
6.0660/0710=13419 13564
6.0660/710=14357
6.0690/0720=14780
6.07=9639 11080 12860 13191 16913
6.0700/50=10358
6.0710/30=13418 13667 14175
6.0745/75=13396 13418
6.0780/0810=14780
6.08=2715 10246 16274 16681
6.0800/30=10358
6.09=4993 5052 8299 8757 10778 13451
6.09425=9871
6.0950/70=9871
6.0p=6349 14860 17964
6.1=82 327 337 610 701 895 1459 1825 2132 2596 3117 3480 3922 4470 4546 4710 4844 5842 6065 6179 6431 6951 8005 8746 9759 9760 10950 11109 11227 11823 12991 14849 15384 15444 15800 15871 16021 16140 16471 16948 17620 18540 19258 19617 19818 20332
6.10=438 2531 2833 10246 11319 11711 12010 12279 15033 15349 15910 15925 16053 16246 16681 19068
6.11=772
6.12=1907 4602 11448 18483
6.125=11083
6.13=1 16274 16681 17870 17874 18356
6.14=9361 9803 10246 12351 12923 13208 18408
6.149=1042
6.15=4064 11083 13532
6.16=4045 4065 4089
6.17=2531 15049 16274 16681
6.18=1078 16274
6.18376=10735
6.19=2406 4898 9639 15914
6.1p=9229
6.2=1 225 891 940 1773 1885 2224 2331 2534 3161 3418 3688 3996 4031 4679 4771 4893 6182 6849 7008 7342 8047 8363 9046 9691 9761 10340 10521 10852 11227 11539 11637 12158 12182 12791 12991 13216 14201 14310 14733 14860 15193 15374 16248 16987 17093 17128 17391 17427 17785 18355 18459 20538 20917
6.20=74 4303 8173 9375 9490 9770 9784 9821 9848 12886 13771 13994 14390 14708 15910 17870 17874
6.21=224 6217 8802 10464 16993 19705
6.211=17169
6.21563=16180
6.21950=2966
6.22=1503 11414 13690 13791 20249 20463
6.23=6047 18409
6.24=3543 11189
6.25=233 878 4218 4684 5353 5998 6200 8148 10333 10409 10419 10450 10453 10778 11083 11448 11799 11962 12354 13895 14851 16053 16155 17732 19005 19725 19958
6.26=5526 13410 13571 20053
6.27=1084 14685
6.28=224 281 7404 7442 11165 13410 19068 20249 20463
6.29=3694 10349 17343
6.2p=5257
6.3=6 125 696 1036 1354 1694 1825 2062 2307 3024 3029 3062 3535 5148 5274 5295 6376 8347 8431 8582 8618 9649 10135 10340 10544 10680 11755 12156 12208 13001 13206 13216 13539 15194 15344 16950 17027 17432 17434 17506 17721 17921 19041 19374 19408 19617 19771 20001 20783 21040
6.30=11189 13690 13791 15940 16073
6.31=8212 13326
6.3158=5590
6.32=2721 4275 12630 16117 20918
6.33=6976 11382 20180
6.34=224 15914
6.34322=10735
6.35=1191 3743 10450 16053 16331
6.36=2221 10233
6.37=13326
6.38=8212 16681 18825
6.39=19772
6.3p=17900
6.4=1 96 145 610 852 2172 3029 3708 3720 3723 4050 4136 4276 4878 4918 5034 5188 5260 5495 6813 7061 7490 7588 8668 9521 9636 9717 11080 11227 11331 11881 11951 12778 12799 14606 15451 16788 17363 19077 19554 20956
6.40=2666 6734 9506 15875
6.40/30=14811
6.41=8540 12681 17010
6.42=20299 20538
6.43=2979 12499 13326
6.43896=16180
6.44=1878 4610
6.45=3798 12395 15615 15987 16053 17251 19510
6.45/35=13387 14811
6.465=12639
6.47=9728 18487
6.48=126 2662 5794 7598
6.49=8619 17426
6.493=13167
6.495=12706 13167
6.5=145 174 179 269 319 327 350 693 695 1738 1825 1906 1919 2262 2269 2529 2767 2929 2982 2996 3019 3047 3065 3516 4208 4330 4470 5172 5508 5610 5665 6182 6815 6949 7008 7135 7222 7469 7557 7559 8155 8163 8677 8715 8757 9034 9112 9158 9161 9470 9722 9928 10225 10716 10956 11169 11365 11998 12429 12521 12576 12649 12778 13211 13212 13231 13790 14280 15194 15350 15543 15552 15712 16028 16165 16275 16282 16468 16473 16966 17139 17317 17375 17457 17728 17896 18352 18464 18540 19041 19555 19943 19981 20713 20853
6.5/6.6=17503
6.50=70 117 986 1269 1882 4591 5489 6338 6759 7271 7570 8704 9052 12050 12746 13326 13331 13826 15910 16246 18582 18584 19148 19252 19956 20877
6.52=126 10284 11802 14037 14326 19053 20918
6.52/54=14038
6.53=3995 10284 15875
6.54=145 1907 18252 18432
6.55=14037 14088 17991
6.55/45=13387 14811
6.56=13326 13347
6.56823=13470
6.56p=7003
6.57=8777 8820 16436 16494
6.58=5890 5948 8633 17503
6.59=9634 11241 16760
6.59386=14664
6.5p=899 4094 7008 9189 9229 17901
6.6=125 691 1498 1789 2557 2685 3369 3371 3868 3948 4078 5260 5757 5782 5799 5817 5886 6070 6943 7105 7359 7588 7767 8125 8611 8702 9514 9749 10385 10567 11649 11795 12351 12818 12986 13053 15599 16197 16392 16469 16681 17219 17243 17375 17442 17937 18457 19617 19734 20773
6.60=1878 9634 11962 14037 14326 14459 15866 15869 15914 18490
6.601=17010
6.606=17010
6.61=15910
6.62=395 6447 11165 13326 19698
6.63=3414 10233 14109 15351 17577 19078
6.63492=13470
6.64=8212
6.64/66=14038
6.65=4223 12209 15351
6.65/55=13387 14811
6.66=120 4151 4932 12463 15853 15875
6.67=6893 8449 9143 10372
6.68=2666 11034 13326
6.69=4898
6.7=61 235 772 895 1459 1577 1854 2089 2132 2618 2686 2837 2963 3080 3514 3708 3720 3723 3909 4227 5332 5769 5793 6121 6322 6376 6718 6729 6880 7212 8098 8746 8794 9636 9667 9706 11331 11568 11569 11739 12818 13053 13234 13393 14500 15193 15194 15422 15800 15860 16141 16197 17189 17393 17431 18268 18279 18540 18665 18781 19427 19648 21248
6.7-7.0=18146
6.70=2531 6178 9803 10699
6.70/60=14811
6.705=13823 14230 14355
6.706=1657
6.71=4993 5052 16725 17427
6.72=8212 9634 14037 19693
6.726=9544
6.73=2378 9770 9784 9821 9848 17427
6.74=10792 18051
6.74/79=13423
6.745=246
6.75=1466 1738 3995 8512 9485 10450 11016 12548 13326 13823 14230 15681 18520
6.755=827
6.76=4205 6353 14326 15351 15853 15875 21392
6.765=14455
6.77=5785 5815
6.78=818 3414 5711 15910
6.785=13823 14230 14355
6.79=14850 19164 21146
6.8=6 304 644 693 895 1036 1041 2503 2888 3027 4338 4382 4988 5456 5799 6349 6464 6939 7427 7447 7566 8690 9599 10045 10673 10680 10943 11452 13282 14949 15587 16029 16112 16132 16183 16249 16350 16361 17924 17926 18008 18009 18274 18526 18540 18781 19532 20853
6.80=9634 11713 13423 14038 16664 17891 18520 18724
6.81=5818 7427 13326 19201
6.82=7002
6.84=4238 6734 9728 9729 9749 13823 14230 17243
6.841=14455
6.85=4626 9729 9749 10754 12199 14699 17243 18520
6.86=7412 7741 15875 16009
6.87=10754 14164 14840
6.87/5.87=13451
6.875=19372
6.88=1779 3664 9187 9836 16091 18481
6.9=54 692 1249 1544 1633 2070 3456 4372 4634 6343 6397 7129 7305 7359 7557 7588 8209 8328 8350 8644 8706 9034 9722 9761 10125 10908 11106 11331 11367 11443 11463 12208 12664 12709 12720 12778 13216 13220 13274 13282 13484 13541 13622 14840 14860 15841 16207 16392 16791 17143 18009 18491 18496 18590 19320 19451 20538 21081
6.90=382 13331 15816 15914
6.91=438 14164 21359
6.92=2311 8212
6.9244/9382=13324
6.9263/9401=13324
6.93=6893 9770 9784 9821 9848 13326 14037
6.94=3488 9158 11705 14459 14685 17427
6.95=382 2205 2407 5207 10754 10954 11771 15816 16725
6.96=10268 10375 16948
6.97=1433 1466
6.975=827
6.9775/9915=13324
6.98=15351
6.99=260 16652
6.9976/7.0116=13324
6.juli=8175
6.july=8175
6/100=2762 2785
6/7.5=14671
60=1 17 141 151 195 221 251 275 287 354 473 507 547 576 644 657 717 773 814 827 1019 1074 1144 1200 1219 1275 1369 1379 1461 1478 1575 1578 1582 1621 1626 1634 1651 1685 1724 1788 1808 1818 1940 1947 1948 2042 2080 2149 2194 2196 2221 2475 2495 2500 2526 2527 2583 2592 2659 2684 2758 2936 2972 2973 2998 3032 3034 3048 3053 3062 3075 3117 3158 3192 3209 3251 3283 3457 3463 3469 3536 3556 3582 3594 3609 3712 3814 3864 3894 3899 3906 4016 4028 4037 4067 4126 4187 4220 4267 4317 4357 4373 4374 4375 4408 4464 4477 4581 4590 4603 4674 4683 4792 4804 4812 4820 4926 4942 4947 4968 5069 5109 5116 5119 5134 5137 5140 5179 5203 5213 5217 5226 5242 5270 5304 5318 5379 5407 5426 5445 5525 5570 5656 5732 5772 5773 5788 5800 5834 5847 5857 5879 5951 5985 6084 6189 6225 6262 6277 6351 6472 6558 6708 6742 6759 6816 6845 6914 6980 7066 7203 7263 7285 7362 7371 7388 7412 7458 7543 7551 7665 7678 7693 7727 7731 7775 7827 7834 7864 7892 7906 7918 7927 7959 7993 8130 8209 8258 8395 8436 8529 8548 8550 8561 8569 8595 8647 8711 8872 8874 8929 8999 9058 9100 9123 9142 9144 9186 9198 9211 9215 9225 9253 9328 9337 9366 9476 9616 9645 9650 9655 9703 9722 9725 9854 9866 9879 9930 9969 9987 9989 9996 10007 10056 10057 10078 10168 10254 10272 10320 10343 10365 10366 10388 10480 10493 10521 10544 10545 10554 10566 10628 10646 10732 10760 10764 10816 10841 10963 11015 11064 11178 11181 11351 11367 11418 11476 11478 11504 11530 11624 11632 11680 11681 11740 11835 11914 11983 12090 12138 12181 12209 12233 12240 12277 12452 12482 12496 12533 12541 12555 12618 12631 12648 12672 12709 12720 12782 12850 12900 12946 12951 12981 13020 13115 13170 13190 13197 13201 13246 13269 13331 13462 13588 13616 13618 13683 13697 14208 14258 14327 14370 14372 14440 14537 14651 14842 14853 14917 14926 14933 14982 15090 15106 15107 15149 15257 15350 15389 15402 15436 15447 15488 15497 15523 15567 15639 15643 15686 15706 15743 15764 15812 15851 15936 16074 16094 16158 16163 16236 16253 16284 16357 16364 16429 16481 16501 16574 16644 16681 16832 16904 16949 16958 16970 17002 17094 17106 17153 17176 17225 17275 17294 17310 17316 17353 17411 17457 17474 17479 17488 17497 17505 17538 17557 17559 17595 17667 17690 17700 17716 17723 17778 17808 17888 18075 18199 18207 18218 18268 18279 18424 18445 18461 18480 18530 18532 18541 18709 18742 18873 19040 19062 19106 19136 19138 19175 19199 19492 19530 19589 19617 19698 19713 19780 19845 19871 19945 19978 19980 20020 20045 20064 20181 20217 20268 20284 20351 20391 20448 20490 20571 20614 20618 20624 20666 20698 20869 20972 21002 21078 21103 21147 21236 21249 21304 21327 21436 21443
60,000=229 448 581 1440 1587 1952 2256 2964 3617 3904 4478 4918 5094 5214 5655 6486 6519 8260 8331 8360 8800 10120 10175 10373 10415 11340 11826 11885 12166 14073 14885 14923 14988 15298 15446 15678 16432 16765 17199 17473 17720 18637 18849 19152 20019
60,000-tonner=12420
60,033=14275
60,200=1752 15871 15975
60,260=2557
60,296=2977 16776
60,480,375=4541
60,500=1440 1537 3511 6486 9207 9305 14771
60,700=816
60,750,000=8332
60,780,000=8481
60,840=3223
60-1/4=18923
60-40=18604
60-90=221 16074
60-acre=19813
60-day=1553 9969 9996 11135 16506 17258 18314
60-kg=2954 8903 10100 15329 16097
60-kilo=875 2550 3034 5334 5471 8200 10682 11459 14690 16115 18323
60-minute=17797
60-mln-dlr=8055
60-month=1427 1854
60-unit=19430
60.0=1295 5241 8619 9818 11680 11898 12295 15875 16252
60.00=14531
60.09=15906
60.1=145 3582 5345 7752 15327 16920 20660 21259
60.2=2715 7752 13892 17385 18699
60.22=11436
60.3=2179 14500 20535 20711 20735 21117
60.30=8759
60.31=11220
60.4=4893 6022 6283 11649 12521 14500 15279 20170 20354
60.5=1800 8668 21164
60.50=4120 4123 5889 8853
60.58=18551 18563
60.6=2179 2754 5342 7261 9316 10851 12860 13022 14832
60.61=883
60.629=18109
60.7=4081 4092 10284 10292 11436 15875 16091 16367 17013
60.8=212 1853 8489 10430 10907
60.9=9927
60.91=11215
60.92=19066
60/40=11533
600=63 130 217 590 931 1369 1696 1887 2786 2823 3107 3148 3306 3430 3577 3589 3615 3657 4022 4048 4136 4172 4230 4262 4391 4427 4430 4518 4544 4625 4727 4893 4938 4966 5104 5120 5484 5813 5828 5932 5958 6054 6144 6195 6238 6338 6375 6511 6561 6656 6660 6699 6707 6985 7538 7731 7759 8164 8336 8445 8484 8648 8974 9156 9190 9257 9667 9736 9770 9821 10257 10292 10405 10410 10729 10748 11183 11343 11375 11490 11597 11829 11830 11841 11860 12013 12029 12268 12498 12644 12798 12859 12925 12963 13068 13142 13210 13586 13697 14070 14331 14503 14829 15041 15057 15249 15353 15674 16119 16236 16344 16361 16534 16558 16870 17258 17372 17460 17480 17486 17490 17497 17592 17783 17805 17895 17947 18176 18200 18337 18407 18412 18453 18456 18494 18498 18688 18800 19028 19097 19292 19408 19531 19685 19694 20307 20823 20824
600,000=1257 1388 1778 1788 1903 2020 2276 2400 2567 2645 3287 3540 3949 4083 4103 4138 4470 5424 5937 6038 6309 6322 6533 6605 6878 6908 6968 7178 7200 7232 7334 7505 7634 7959 8614 9099 9340 9557 9874 10898 10918 10919 10956 11122 11309 11320 11334 11508 12487 12519 12864 12947 12975 13213 13217 13507 13606 13692 13725 15037 15645 16318 16603 16751 17025 17508 18141 18402 18429 19363 19828 19849 20115 20351 20547
600,971=539 552
600-650=14344
600-700=14295
600-member=8896 9043
600-room=11242
600-site=18149
600.0=2203
600.5=2426 11805
600.6=20715
600/700=13682 14258 14362 14673
6000=12384 20411 20452
6000-ii=8463
600e=16344
600p=19378
601,000=5579 20803
601-3a=17799
601.0=5700
601.1=19532
601.7=15380 15389
601.8=2144 17703
602=2269 15875
602,000=624 8337
602,665=17811
602,766=6232
602.26=9037
602.4=21381
602.5=19854
603=7174 10246 11823 20703 20963
603,106=12298
603,335=4436
603,413=11885
603,430=12244
603,661=15496
603.0=10284 10292
603.1=20256
603.4=15406 15438
603.5=21362
604=1938 3579 3630 15557
604,000=6055
604,000-share=7992
604,172=20814
604,200=10190
604,996=5925
604.6=16246
6041=14059
605=13687 15875 20924
605,000=7276 12000 14145 17682
605,321=778
605,667=6856
605,682=4162
605,725=7192
605.1=18646
605.6=21055
606=14109
606,000=210 1285 7048 9869 14569 16817
606,352=12254
606.2=20894
606.7=5345
607=5520 8633 13623 14088 16397
607,000=5095 20596
607.1=3541 15871
607.17=940
608=4699 9733
608,000=1200 14145
608,181=1271 1301
608,800=14524
608.3=13037
609,000=15315 15354 16080 16658
609,457=6619
609,831=5044
609.5=3541
609.6=15604
60p=11210
60th=11830
61=988 1543 1629 1641 1642 1786 2149 2203 2266 2408 3320 3440 4132 4517 4792 4819 4973 5109 5316 5321 5367 6283 6814 6913 7884 8205 8272 8399 8872 8874 9427 9448 9502 9552 9687 9717 9807 10694 10775 10904 11452 11464 11472 11684 11914 11925 12381 12382 12503 12541 12764 12830 12875 14657 14758 14971 15028 15529 15590 15886 16662 17135 19106 19553 19617 19927 20217 20257 20273 20283 20309 20364 20373 20376 20450 20455 20494 20593 20798 20814 21120 21173 21201 21236
61,000=4537 5894 7449 12849 19465
61,107,328=13687
61,151=17828
61,169=12922 13216
61,384,000=1184
61,398=2765
61,500=14771
61,600=313
61,750=652
61,762=1225
61,763=4914 14540
61,773,000=15190
61,805,000=2298
61,901=4358
61,954=19067
61,970=652
61-1/2=10546 14669
61-hotel=21292
61.0=6787 9971 15327
61.00-63.50=14369
61.03=15906
61.04=16315
61.06=15906
61.07=11782 18432
61.09=15906
61.1=717 2451 15875 16127 18591
61.10=15906
61.11=82
61.12=12927
61.2=670 6779 17190 18405 20728
61.3=1111 10851 14092 18480 20332 21117
61.32=20811
61.4=6420 7686 8019 10919 14153 21265
61.46=5170
61.47=12378
61.48=11436
61.5=6 1919 7700 7734 9058 11739 12355 12934 15444 15875 16269 16336 18317 19699
61.50=10644 14473
61.50-63.00=14067
61.6=1638 13803 15875 17248 17306 20269
61.60=4310
61.7=920 2754 4000 8526 9250 15875 19142
61.75=10554 15906
61.8=6 2877 4404 5235 8262 8394 13058 13803 20814
61.9=3952 6529 7040 11413 13058 14998
61.92=11211
61.96=2378
61/2und=11936
610=5815 6561 12142 15853 15875 20226 20823
610,000=1213 3617 4176 6146 12613 12904 16157 16554 20351
610,500=3506
610-site=18149
610.0=15871
610.57=18745
610.9=9519
611=880 5610
611,000=13757 18721
611,0000=605
611,138=20270
611,784=12176
611,811=13116
611.2=20117
611.4=864
611.7=4797
611p=2001
612=9480 17103
612,000=7190 11208 14103
612,806=21034
612.4=6084 14435 15094
613=19034
613,000=596 18769
613,127=2380
613,205=10046
613,986=1610
613.0=2300
613.3=21362
613.50=12426
614=109 5556 5647 8212 9639 9940 11388 14056 14087 20714
614,000=5898 19178
614,511=13110
614.26=10287
614.4=15380 15389
614.93=17226
615=2106 2269 4310 5772 11315 12814 20474
615,000=2116 5257 5913 12625
615,307=6619
615,345=5925
615,385=8945 16459
615.04=1924
615.2=15871
615.59=10757
615.6=16246
616=3217 4149 4192
616,000=2658 19619 19875
616.0=12841
616.2=21381
616.6=15871
616.7=20474
616.96=19562
617=10297 10376 13576 20474 20757
617,000=1265 2806 4060 6055 10470 16363 16825 16826
617.8238=885 11778
618=2872 8777
618,719=20363
618.4=18769
619=1756 4699 7531 8601
619,000=3868 6458 6670
619,076=19440
619,860=10923
619,956=21196
62=408 601 960 1483 1629 1641 2092 2099 2114 2221 2501 2691 3260 4948 5976 6231 6587 6653 6797 7072 7128 7242 7441 8074 8585 8615 8653 8661 8861 8872 8874 9046 9158 9818 10905 10924 11629 11854 12370 12479 12540 12878 13104 13687 14666 15211 15570 15641 15774 16013 16319 16377 16400 18242 18428 18732 20118 20195 20548 20706 20842 20947 20972 21354
62,000=1200 2246 5417 5884 9486 17813
62,004=12484
62,075=12484
62,145=16760
62,174=7049
62,216=8394
62,408=2765
62,485,000=1367
62,500=17182
62,686=14275
62,700=14068
62,813=13546
62,986=3667
62-1/2=391 4331 9581 20578
62-3/4=6023
62.0=20947 21117
62.02=9822
62.05=14398
62.08=13265 15906
62.1=2983 3480 3490 6228 16522 20135
62.10=15906
62.12=15906
62.15=15906
62.2=399 1423 3215 15871 20605
62.21=5817
62.3=2179 12878 20715
62.30=13004 14398
62.4=3161 4893 17746 21376
62.40=15906
62.49=15906
62.5=1854 2066 2806 2953 3009 4365 4974 6049 6920 6982 8272 8548 8702 10247 12901 17474 18784 18886
62.50=13571 15498 19579
62.53=15906
62.55=13897
62.6=2266 9749
62.69=15906
62.7=8262 8644 9317 10045 12477 13803 16625 20918
62.70=13897 15950
62.71=15906
62.8=327 2695 5219 10983 20286 20947
62.80=15906
62.84=940
62.85=13897 14398
62.88=15973
62.9=968 3624 6523 12934
62.90=13897
62.94=58
620=1292 9142 9736 10292 11375 12602
620,000=4057 4911 4922 14981 15099 18718
620,607=5976
620.18=20861 20899
620.6=15871
620.9=1358 15110
621=1047 8815
621,000=581 17010
621,036=12078
621.2=541
621.7=6813
621.8=8974
622=312 4755 5104 5120 14464 16630
622,000=4157 4898 21205
622,130=11689
622,251=15899
622,470=10046
622,909=579
622.1=15871
623=10313 15430 15840
623,000=6500 9930
623,300=7569
624=15247 15263
624,000=5595 5725
624,208=17816
625=1534 5902 7571 8149 12309 15875 17591 18479 20474
625,000=1252 7092 8229 11044 19385
625-700=14323
625.5=15996
625.6=20546
625.7=3462 15917 18627
6250=14136
626=8164 9725 11220 20276
626,000=7629 7645
626,013=2380
626,942=5496
627=11388
627,000=1607 6729 6830 15797 17010
627,500=706
627,895=12381
627.4=16969
627.7=14853
627.8=4286
628=5684 5692
628,000=2748 3543 6668 14732 20319 20566
628,020=14970
628,193=2337
628.3=18798
628.5=4016
628.6=13803 21055
628.8=8313
628.9=4016
629=20004
629,000=5452 12860 14297 17118
629,088=4879
629,527=6809
629.0=861 18495
629.2=20165
629.6=19254
629.7=4638
629g=8655
629p=8632
63=173 538 1131 1320 1327 1369 1616 1808 2335 2471 3602 3738 3952 4058 4699 4765 5415 5787 5888 6073 6179 6533 6752 7120 7155 7906 7922 8271 8277 8328 8447 8500 8800 8890 9160 9231 9423 9649 9670 9899 10099 10499 10599 10972 11308 11349 11717 11827 12085 12292 12477 13127 13261 13850 14001 14964 14985 15321 15347 15356 15500 15521 16432 16443 16551 16735 16888 16937 17177 17474 17682 17755 17862 17868 18296 18411 18414 18511 19024 19431 20119 20166 20468 20473 20583 20672 20715 20768 20842 21012 21159 21266 21272 21378
63,000=272 366 1543 3669 7143 8291 10089 10980 12766 16799 17716 21295
63,055,000=16496
63,111=12787
63,183,000=21272
63,283=13001
63,293,867=11494
63,295=652
63,387=10680
63,520=652
63,761=2613
63,774,000=20546
63,795=12360
63,800=816
63-3/4=4391
63.0=1543 2048 5109 6529 7700 11436 17248 17306
63.00=13789
63.00-65.00=14187
63.00-67.00=14548
63.0618=5163
63.1=5072 15875 20479
63.10=13897
63.2=3173 3860 3890 13892 17385 21117
63.20=8125 8162
63.21=12703
63.22=11220
63.23=15950
63.25=1403
63.28=8633
63.3=922 2938 12258 17190 21379
63.4=145 12477 14860 21222
63.40=1904 12927
63.44=17784
63.5=4019 10226 16309 16554 21065
63.50=15492
63.51=11782
63.6=1466 4029 9311
63.66=5821
63.67=10644 19493
63.6p=11850
63.7=145 10840 15875 20779
63.72=16091
63.75-65.50.=14369
63.8=2810 3946 4612 15192 15996
63.9=986 3480 6787 20332 20784 21232
63.90=19562
63.96=20264
630=56 3135 9156 10139 10768 11292 11344 13068 15875 19038 19554
630,000=11974 12030 12436 17001 18860 20351 20566
630,118=13025
630.08=5815
630.2=2205
630.48=16105
630.8=17703
6300=8439 18173
6300s=8989
630p=4456
631,000=7466 16030 21199
631,720=4410
631,900=15365
631-mile=12309
631.1=20628
631.2=1469
631.6=11481
631.8=2104
632=2269 15875
632,000=210 2807 9592
632,100=4036
632.0=20446
632.3=19254
632.5=10110
633=15103
633,000=6540
633,119=21100
633,300=15221
633,329=16662
633,333=19451
633,581=705
633,869=18475
633.5=2906 5744
633.68=11673
634=9206
634,000=603 11316 18421
634,616=8915
634.3=20476
634.4=2657
634.5=1314
634p=902
635=12555 14937 15853 15875 16309
635,000=8056 17682
635.5=6123 15406 15438 17921
635.50=12426
635.6=15871
635.8=20593
636=3592
636,000=449 605 8030 8893 20596
636,500=20140
636-megawatt=11423
636.0=2203
636.1=15841
637=13073 15841 19415 20243 20287
637,000=12163
637,305=20507
637,800=7569
637.4=7726
637.5=15871
638=364 8757
638,000=16080 16365 18120
638,024=21225
638,300=4036
638,435=19874
638.9=7404
639=3699 14477 18798
639,000=4141 10253
639,448=12061
639,471=18303
639.7=9576 17901 21436
64=41 81 191 211 370 446 601 624 711 846 1074 1084 1134 1749 2149 2203 2428 2437 2491 3022 3135 3268 3303 3451 3629 4021 4050 4777 4804 4810 5109 5888 6084 6174 6306 6391 6423 6760 6848 6880 7134 7752 8033 8250 8291 8340 8559 8653 8698 8792 8794 8840 8865 8928 9104 9146 9556 9576 9642 9973 10099 10222 10775 11085 11499 12042 12122 12153 12380 13051 13099 13491 13553 13758 14091 14832 15190 15500 15864 16307 16483 16705 16838 16888 16939 16971 17327 17846 17861 18268 18279 18657 19056 19398 19510 19978 20132 20191 20237 20269 20494 20531 21016 21029 21106 21189 21227 21232 21304 21455
64,000=490 1067 10254 13708 15286 17167 17497 18539 19757 21386
64,013,000=1084
64,100=10328
64,151=17505
64,197=17685
64,200=20968
64,248=20712
64,299=839
64,300=18539 18672
64,533=13687
64,652=21038
64,707,000=20314
64,896=11885
64,967=8090
64-7/8=9733
64.0=2715 3350 5055 15489 15490 20334
64.00=21469
64.00-65.50=14067
64.00-66.00=14018
64.05=10155
64.06=885 11778
64.1=13803 20937
64.13=4610
64.2=126 130 10017 20213
64.297=7421
64.2p=11859
64.3=282 2350 6495 12383 13058 13162 13690 13791 15593 18480 20628 21413
64.37=16136
64.4=5680 18405
64.45=4564
64.5=6972 7066 7244 8236 8521 8873 9326 11932
64.50-65.00=14089
64.50-66.30.=14187
64.50-67.80=14323
64.50-69.00=14548
64.6=5969 6438 12033 15886 20118
64.7=4225 6485 7700 11884 14100 15875 18405 20119 20419
64.74=10155
64.77=11168
64.8=4591 4952 15875
64.80=5590
64.87=4519
64.9=2316 7083 9519 9552 10917 16715
64.91=2378
640=1186 3135 3596 8390 12013 12496 12738 14464 16775 19087
640,000=1524 3643 5339 6977 8893 9592 14437 17380 20498 21488
640,030=5496
640,156=15899 16022
640,400=15365
640,862=11424
640.2=2426
6406/8=9279
6407/10=9279
640k=17711
641=8212
641,000=11128 14744
641,001=12624
641,823=7762
641.1=17901
641.4=7442
641.7=21325
642,000=1734 8457
642,484=14969
642,534=16417
642,590=1328
642,800=1640
642.2=13803
642.5=21315
642.8=13803
643,000=6696 7438 19249
643.3=4974
643p=902
644=109 2640 8777 9182
644,000=1407 8457 19815 20351
644,500=10190
