644,727=2027
644.8=20628
645=12224 16946 17135
645,000=1101 7128 13170 17967
645,438=12506 12515
645,753=16561
645.7=8974
645.9=2906
6457=13623 13634
646=4720 4768 5765 7770
646,000=1258 5003 13113 16421
646,250=9647
646,978=17802
646.5=17903
646.7=899
646p=10694
647=8239 16175
647,000=644 2320 9558 15669
647,390=7302
647,812=7200
647.5=17112
647.82=11673
648=4520 8971
648,000=8257
648.6=16635
649=11200 17876 17937
649,000=15632 21300 21488
649,495=2761
649,587=16760
649,715=8530
649,914=201
649.3=1338
64mb=17336
65=32 55 311 314 382 428 449 463 554 1133 1179 1263 1310 1529 1562 1629 1641 1661 1662 1771 1824 1836 1889 1938 1994 2001 2052 2078 2107 2251 2375 2615 2652 2783 2851 2907 2980 3145 3245 3269 3625 3704 3924 3925 3994 4019 4136 4647 4966 5131 5145 5180 5213 5278 5395 5422 5511 5682 5847 5884 5888 5951 6014 6034 6117 6126 6132 6376 6469 6586 6591 6604 6606 6677 6722 6742 6746 6844 6921 6977 7027 7093 7135 7161 7272 7323 7571 7758 7838 8023 8156 8166 8225 8247 8480 8548 8596 8717 8977 9058 9111 9436 9458 9692 9808 9818 9825 9869 9926 9951 9977 10052 10071 10373 10476 10674 10834 10869 10916 11132 11224 11494 11533 11802 11822 11823 12051 12485 12521 12559 12626 12680 12732 12773 12874 13093 13125 13129 13173 13191 13261 13452 13557 13608 14555 14802 14843 14993 15106 15149 15315 15354 15374 15422 15567 15637 15773 15970 15987 16087 16269 16336 16359 16408 16501 16579 16797 16849 16851 16944 17024 17084 17324 17344 17460 17889 17982 18084 18511 18558 18574 18597 18796 18878 18947 18958 19467 19504 19597 19605 19617 19682 20151 20160 20166 20223 20241 20368 20382 20539 20698 20770 20808 20824 20972 21112 21195 21304 21314 21324 21359 21398 21453 21474
65,000=3042 4643 5102 5105 6132 7103 9339 10470 10740 12610 13211 13212 13738 14149 15676 17662 18851 18865 19498 20673
65,040=12484
65,100=6354
65,437=13687
65,501=6242
65,620,000=12484
65,662=14275
65,759=12224
65,994,142=11494
65-1/2=2396 15674
65-1/8=14102
65-days=11654
65-foot=5932 5958
65.0=2048 3505 8048 8050 8051 15875 21055
65.00=13786
65.00-66.00=14115
65.02=11211
65.06=80
65.1=14832 16207 20475
65.13=9127
65.16=7421
65.17=12703
65.2=1872 7133 10284 13001
65.3=2436 2806 9441 10699 11957 12432 12963 15670 15875 20826
65.33=8125
65.4=4819 6562 10983 16824
65.44=11787
65.49=1844
65.5=12262 19680
65.50=12215 13975 14183 14476 14499 14687 18096
65.53=7544 15438
65.57=9691
65.6=986 7607 8513 10644 13058 21441
65.63=4519
65.65=15996
65.67=19494
65.68=15438
65.7=2066 11932
65.75=3239 15831
65.75-66.00=14089
65.75-71.25=14295
65.8=6495 8702 11932 15875 18480
65.89=80
65.9=1111 1124 3456 3604 7128 20752
65.94=11168
650=1006 1252 1269 2428 3135 5556 5625 5647 5799 5819 5902 6160 6981 7143 8166 8625 8871 10944 11773 12435 12956 12963 13894 15316 16358 16727 17460 17548 18498 19319 19532 19930 21500
650,000=3042 4083 5321 11025 12344 14750 16517 19703 20770
650,383=17716
650,653=1607
650,700=15365
650-700=14323
650-seat=5161 5325
650.7=12783
651=2744 6507 12257
651,000=1258 5887 9572 15667 20766
651,253=8127
651,397=4419
651.5=13717
6510=10951
652,000=6344 12616
652,742=7470
652.7=12841
653=10082 10239 10512 16238 16436 16494
653,000=9274 11377 11400 20660
653,246=20712
653,411=5218
653,464=9270
653,561=15981
653,600=851
653.5=1849
654=8905
654,000=9317
654,083=11028
654.7=20533
654.85=8148
654.9=15871
655=4232 13491 15573
655,457=10556
655.5p=19507
656,000=7953 9333 10964 15823
656,819=9949
656,927=12624
656.5=15590
656.8=2083
657=2269 2765 15451
657,000=21192
657,416=2929
657.5=13406
657.6=13852
657.9=8979
657p=10303
658,000=5443 8166 8964
658,159=3676 4239 4292
658,398=20507
658,500=4036
658,999=228
659,000=169 3946 10381
659,118=16760
659,271=12254
659,663=16718
659,800=8251
659,864=1970
659.2=6466
659.7=13852
65th=17765
66=14 22 187 596 988 1011 1536 1789 1872 2935 3192 3602 4012 4019 4037 4126 4527 4906 5137 5582 5583 5594 5680 5720 6115 7200 7220 7775 7836 8254 8437 8692 8699 8964 8986 10211 10405 10410 10436 10476 10753 10775 10826 10966 10998 11047 11085 11721 12606 12707 12819 12874 13173 13726 13890 14758 14832 15106 15548 15589 16217 16263 16356 16460 16522 16556 16719 17081 17409 17416 17467 17553 17710 17933 18530 18718 18760 18940 19073 19212 19760 20140 20217 20237 20334 20455 20521 21117 21218 21264 21461 21490
66,000=5576 6859 7887 12294 18544
66,087=2765
66,172=7049
66,591,000=21012
66,600=20026
66,719,000=15190
66,858=16561
66,922=4827
66-2/3=2728 4023 13790 19019
66-seat=19034
66.0=23 2513 12910
66.00=13673 13685 13694 13786 13789 13911
66.00-67.00=14627
66.00-67.00.=14018
66.00-68.10=14323
66.00-68.25.=14295
66.00.=14067
66.06=11436
66.1=6524 20735 21283
66.17=14454
66.19=58
66.2=14 23 323 4081 4092 5316 5367 6752 8209 9300 15192 15871 19507 20337 20376
66.22=13690 13791
66.3=8995 13803 13892 20473
66.31=12548
66.32=104
66.4=1124 1461 6406 8008 12033 12432 20767 20812
66.5=2066 8521 12477 12934 15094 15427 15478 16937
66.50=12223 13691 13989
66.50-67.50=14089
66.50-68.00=14010
66.50-68.00.=14115
66.50-71.00=14323
66.50.=14018
66.6=177 1353 2066 15438
66.66=16137 16181 17457
66.7=2024 4083 4225 5485 9032 11332 11680 12116 16888 20419
66.75=9086
66.75.=14115
66.76=8600
66.8=922 2695 8229 10226 15875 17032 21451
66.9=861 920 8965 11470 15871 15875 16840
66.92=21497
66.93=6948
660=4602 5589 6304 7428 7499 7980 8166 8449 9480 12224 12686 13491 13576
660,000=1450 5731 9301 9583 11035 11192 11632 16371 16815
660,772=16887
660-ton=20710
660.53=4050
661=15806 17589
661,000=21194
661,400=313
661,780=646
662=7996 15875 16335 21188
662,000=5072 19712
662,625=1861
662,647=15359
662.2=15871
662.6=4286
6627=14059
663=6656 10416 15875
663,000=12520 16374 16405
663,950=19849
663.3=19174
663.8=19046
663/665=13641
664=4366 12413 15573
664,000=21215
664,400=20114
664.2=20715
665=13491 15703
665,000=9807 11733
665,800=539 552
665.4=8510
665.5=1096
666=17143 21188
666,000=1285 7048
666,319=7762
666,626=5043
666,667=19666
666.6=7797
666.67=11168
666.7=1179
667=8777 8820 13687
667,000=18875
667,041=12381
667,667=19666
667.18=10825
668,000=20371
668.2=10649
669=5539 9940
669,000=7330 16535 20373
669,094=12224
669,370=832
669,594=16589 16604
669,609=20600
66th=10846
67=51 334 530 640 644 739 1353 1428 1456 2221 2361 3030 3405 3633 3680 3908 3971 4111 4330 4332 4684 4884 4988 5398 5666 5887 6115 6219 6395 7061 7157 7830 8032 9283 9382 9422 10054 10554 10584 10854 10963 11038 11494 11839 11852 12497 12532 12598 12848 13118 13123 14638 15027 15362 15397 15438 15548 15674 15701 15719 15732 16013 16219 16371 16408 16658 17667 18199 18213 19845 20223 20278 20535 20770 20791 20960 21042 21117 21281
67,000=1689 1985 2015 9726 11216 11464 19644 19674 19904 20975
67,110=18749
67,133=17685
67,136=6141
67,182=4436 12224
67,184=20480
67,275,000=9318
67,402=9739
67,640=2765
67,672=8818 9046
67,818,000=2033
67,819,000=16324
67,878=12254
67,955=9702
67,967=2519 5076
67-1/2=12525
67-1/8=15149
67-28=20624
67-33=12684 12773
67.0=5109 8039 11945 12024 15875 20269
67.00=13673 13989
67.00-68.00=14010 14692
67.05=17062
67.1=12 7244 14324 21022
67.2=2007 2066 5415 12017 12021 12258 12284
67.20=17253
67.21=17062
67.28=6370
67.3=4517 17658
67.3611=18784
67.4=2085 3740 5594 13171 13172 14500
67.42=6341
67.45/55=5070
67.5=603 731 2708 4083 7893 10801 15964 16429
67.50=13673 13685
67.6=1759 1768 4974 7404 7442 11739 12355 12709 12720 16888
67.62=50
67.7=1108 1132 3222 5485 9311 13803 15875
67.75-73.25=14295
67.7p=16207
67.8=2658 11987
67.9=8013 9914 10851 21259
67.93=18096
670=3260 13491 16159 19299
670,000=1642 1765 9592
670,105=16461
670,333=21225
670,400=8512
670.3=6813
670p=10694
671=3270 5539 8314 8757
671,000=8229 19761
671,100=11964
671,291=16022
671,400=4036
671/674=13641
672=5005 5907
672,000=739 16057 20794
672,073=2167
672,300=4972
672,824=20470
672,879=6257
672.5=10748
672.6=16367
673=9160
673,000=16818
673.1=2205
673.3=10529
673.4=1138 1181 4064
674=21392
674.1=7259
674.5=20291
674.50=13641
674.8=1245
675=3645 4602 8964 10768 11292
675,000=3024 4447 7135 12189
675,500=9865
675,900=1667
675,935=19933
676,000=6669 8826 10381
676,341=9652
676,593=21042
676.58=14597
676.9=20339
6765=13438
677,000=9606
677,192=11629
677,498=4457
677,909=15668
677.6=305
677.8=2906
678=9480 15860 15875
678,000=7276
678.7=9860
678.8=4064
679=7543 17107
679,000=5594 8970
679,520=5076
679,860=16807
679.1=13712
679.5=12841
68=359 419 458 466 595 740 759 765 950 983 1111 1229 1357 1935 2107 2483 2503 2521 2563 2632 2878 3115 3542 3808 3868 3869 4089 4226 4366 4608 4692 4800 4953 5098 5311 5458 5727 5733 5888 6285 6447 6454 6863 7050 7066 7113 7547 7589 7598 8076 8110 8121 8138 8192 8196 8203 8312 8483 8800 8865 8950 9123 9215 9225 9270 9624 9788 10103 10109 10118 10222 10248 10545 10851 10947 11123 11138 11307 11418 11629 11742 11761 12113 12292 12318 12617 12662 12828 13192 13199 14492 14635 14640 14960 14984 14998 15180 15227 15413 15552 15573 15594 15629 15864 16005 16064 16251 16367 16454 16698 17162 17252 17460 17465 18355 18891 19474 20046 20165 20217 20264 20268 20283 20744 20773 20831 20837 20871 20960 20972 21295 21336 21359
68,000=851 1291 1528 3021 12818 18988
68,004,000=65
68,043=9739
68,200=20645
68,281=18303
68,293=19440
68,445=19067
68,455=18749
68,607=17811
68,691=12914
68,895=10524
68-=9969 9996
68-1/4=10116
68-5/8=2375
68.0=434 7700 8738 15851
68.00=10474 13691 13911 13975
68.00-68.50=14378 14647
68.00-68.50.=14089 14548
68.00-69.00=14627
68.1=6779 10851 15860 18155 20779
68.2=2042 3480 6376 11629 11685 18405 19657 19723
68.25=14010
68.26=11177 11236 12797
68.28=15914
68.3=5582 5583 5600 5657 9537 11912 15558 16343 19041
68.35=5234
68.38=15914
68.4=17984 19198
68.45=2149
68.5=2333 6972 11520 11752 14276 18940
68.50-68.75=14694
68.6=3080 7008 12841 20300 20479 20548
68.7=10017 15380 16554 18405
68.72=5170
68.75=3382
68.8=5787 5969 6471 6840 7062 8974 16655
68.82=6356
68.9=6840 6980 14869 15427 17055
68.98=1904 17465
680=1634 7095 8164 9142 13488 14277 15678 15932
680,000=2459 6806 8117
680,150=17816
6800=1041
68000=367
68020=367 4588
681=10309
681,000=4420 21175
681,374=1033
681,800=2552
682=12233
682,419=18986
682.4=20999 21388
683=15135 19253
683,000=8447 20364
683,400=313
683,684=21192
683.4=20894
6834=15584
684=8850 15103
684,000=9231
684.3=2906
684.4=9616
685=20292
685,000=8047
685.8=2496
686=16175 17435 17571 17937
686,000=6218 6310 9280 11696 13854
686,914=11758
686.5=5782
686.9=12266
687=13588
687,000=5600 5657 6849 11684 17972 20310 20375
687,888=16350
688=4657 4663 4692 4795 5276 15641 15875
688,000=11046 11733
688.3=20593
689=8601 11798 11832 17036
689,000=11416 15477 20566
689,038=228
689,561=16266
689,700=2456
689,964=2977
689.7=12829
6895=13634
68th=7598
69=456 649 1134 1554 2168 2221 2350 2406 2658 3013 3153 3298 3387 3536 3699 3789 3792 4050 4934 5145 5268 5529 5779 5787 6017 6065 6420 6466 6683 6730 7113 7399 7830 7836 8001 8003 8026 8205 8477 8719 8767 8838 9049 9678 9722 9860 9971 10853 10990 11268 11404 11823 12521 12531 12535 13115 13726 14444 14917 14964 15190 15495 15719 16155 16240 16551 17166 17721 18280 18347 18849 18891 19527 19760 20095 20168 20195 20264 20372 20605 20705 21441 21460
69,000=586 6149 7565 10884 12849
69,018=7762
69,127,000=65
69,191=18550
69,300=652
69,600=816
69,715=3833
69,748=20270
69,800=16157
69,826,000=21225
69,829=9861
69,831=12098
69,952=2977 16776
69,986,000=1184
69-5/8=1836
69.0=5109 6447 11436 21308
69.00-70.00=14010
69.02=5070
69.0742=14664
69.1=887 2350 6234 6353 8969 11503 20883
69.13=921 938
69.2=3637 10917 12271 12381 15875 20984
69.25=13697
69.25.=14692
69.26=20304
69.3=7841 17429 20385
69.32=13697
69.35=13697
69.4=8318 9278
69.45=10754
69.48=4610
69.5=10017 15871
69.50=5170
69.50-70.00=14010
69.50-70.00.=14378 14548 14647
69.53=15906
69.6=2042 2919 6523
69.60=16078
69.65=8091 8130 14888
69.66=15906
69.7=1726 2179 2718 2725 4992 5438 7099 10544 14938
69.75-70.00.=14694
69.8=2316 6179 11034 12353 15279 17013
69.86=2149
69.87=15438 16236
69.9=7686 10287 11630
69.90=14698
69.92=15488
690=14861 15445 15875 17719
690,000=4107 6726 16220
690,600=3717 15045
690.6=20206
6900=13608
691=11453 15875 19289
691,000=21043
691,933=14275
691.3=5573
692=4692 8553
692,000=1265 21354
692,200=15045
692,700=13116
692,872=12351
692.1=6146
692.7=8702
693=10297 10376 21332
693,000=15045
693.0=21415
693.3=20337
693.4=12885
693.9=20165
694=2640 8971 13406
694,000=2700 18208
694,521=20363
694,785=7192
694.4=3023
694.9=19038
695=1611 3596 17460
695,000=235 274 16360 18920 18930 20530
695,252=16662
695,398=1344
695.4=1849 4741
695.50=14597
695p=5299
696=364 7869 10594 17190
696,000=6138 10328
696,777=15259
696p=10694
697,381=610
697,500=3709
697,847=6809
697.0=2203
697.4=20894
697.8=2906
697p=6434
698=4692 9480
698,000=9429
698,132=16248
698.4=21500
699=14477
699,000=16400
699,037=12022
699,600=15365
699,800=4036
699.1=4719
699.4=2906
6:00=15403
6e=21304
6mm=19492
6mths=13465
6p=3130 5264 7003 13420 14432 15468
6t=13707
7=236 270 310 516 931 1055 1056 1136 2003 2259 2407 2646 2655 2809 3008 3082 3181 3377 3421 3500 3644 3648 4023 4541 4669 4673 4704 4735 4781 5334 5870 5902 5927 6098 6339 6419 6545 6690 6748 7070 7160 7571 7577 7918 7962 8092 8423 8614 8831 8865 9240 9281 9789 9834 9879 9927 10063 10115 10162 10343 10365 10411 10519 10730 10927 10934 10948 10952 11194 11219 11226 11246 11319 11411 11703 11786 11799 11911 11936 12100 12398 12410 12469 12732 12739 12792 12952 12954 12962 12969 12995 13019 13095 13311 13324 13498 13623 13843 13929 14111 14131 14246 14298 14362 14370 14441 14485 14486 14520 14547 14551 14579 14599 14669 14673 14681 14685 14871 14897 14902 14937 14959 15271 15402 15505 15518 15582 15643 15927 15935 16076 16079 16155 16855 16936 17248 17306 17426 17485 17623 17730 17748 17839 17862 17891 17928 17982 18268 18279 18410 18452 18453 18591 18723 18816 18988 19057 19479 19546 19556 19760 20151 20482 20819 21040
7,000=311 313 603 731 908 1067 1081 1202 1539 2567 2645 3206 3473 3948 4051 4214 5479 5481 6623 6957 7023 7451 7957 8015 8068 8384 8388 8528 8569 8581 10729 11223 12872 13179 14827 15488 16707 17348 17398 20867
7,000,000=11566
7,000-9,000=14491 15097
7,000/1,100=12162
7,001,000=5422
7,005,000=9963 18243 18309 21283
7,007,000=21281
7,008=13687
7,012,000=7184 15590
7,012,195=4160
7,015,000=6244
7,018,000=5600 5657
7,020=2765
7,024,000=449
7,030,000=1585
7,030,235=1541
7,033,00=2687
7,033,000=2748
7,034,000=739
7,040,000=20562
7,041=13434
7,041,000=41 21488
7,043=13796
7,046,000=1134 20395
7,050,000=7184
7,052=8579
7,052,964=6084
7,053,000=6491 20502
7,054,709=14393
7,055=15875
7,055,000=9399
7,056=1743
7,059,000=2645
7,059,446=19369
7,060,197=5955
7,062,172=2834
7,065,000=20340
7,070,000=1554
7,072,000=2856
7,075,000=24 6609
7,076,000=1320 1327
7,081,688=21192
7,089,000=3755
7,090,000=9066
7,096,886=2877
7,098=9400
7,100=9155
7,100,00=20497
7,100,000=2042 20728
7,101,000=20237
7,105,000=6476 7491
7,107=7501
7,107,000=586
7,110,000=11302
7,112,480=6084
7,114,000=6609 20583 20672
7,115,248=2866
7,115,847=2663
7,116,000=20237
7,121,000=11727
7,123,000=6771 20567
7,131,000=20947
7,134,000=19474
7,135,000=19862
7,145,000=7438
7,148,000=640 5339
7,150,265=1655
7,156,000=4803
7,157,143=20583 20672
7,160,945=7192
7,164,000=560
7,165,000=21193
7,166,000=6129 21283
7,168,000=2253
7,169,000=8577
7,169,871=1449
7,172,000=20655
7,187,941=2820 2834
7,195,720=2866
7,199=9290 20125
7,200=1702 9607 14611
7,200,000=9938 15821
7,200,349=8425
7,204=16997
7,206,000=11708
7,209,000=13064
7,214,900=10832 10917
7,215,000=16284
7,222,000=20557
7,223,000=21255
7,224,000=2028
7,225,000=6591 17965
7,227,000=12551
7,228,000=7734
7,229,000=16888
7,236,000=2873
7,237,000=17703
7,239,000=998
7,241,000=1188
7,242,117=3573
7,246,000=21146
7,248,000=16803
7,249,600=2437
7,250=9305 9349
7,250,000=17601
7,251,000=16590
7,255,000=15833 19915
7,256,000=2691
7,258,688=8425
7,261,000=8229 8447
7,266,000=16817 21105
7,269,000=8892
7,271=13108
7,271,668=11034
7,273,020=2834
7,274,000=1677 1734
7,275,162=17630
7,276,517=12035
7,277,340=16561
7,277,418=3713
7,282,000=21112
7,285,000=3604
7,286,000=16803
7,289,973=2887
7,291,000=10119
7,292,000=5505 8979
7,298,000=20476
7,299,000=3633 3908
7,300=13689 16370
7,300,000=437 5716 6437 6438 8956
7,305,000=3740 3742
7,308,000=3786
7,309,000=5951
7,310,000=15729
7,316,000=14960
7,317,000=15027
7,318,000=557 19474
7,326=2019
7,329.6=13803
7,329.7=13803
7,336,000=11884
7,337,000=619
7,338,000=6738 9930
7,339,000=17773
7,344,000=5552
7,353=5513
7,363=13108
7,365,000=9963
7,368,000=3669
7,369=11694
7,369,000=21219
7,372=758
7,374,000=5297
7,377,000=6668
7,380,000=10251
7,382,802=3676 4239 4292
7,385,107=17630
7,386,000=9399
7,388,000=5680
7,388,750=19372
7,392,586=2877
7,397,000=16016 20630
7,398,000=18828
7,400=13098
7,400,000=3768 6622
7,408,000=20191
7,411=12787
7,413,328=6051
7,424,292=8730
7,428,000=19812
7,429,000=18699
7,434,000=17037
7,435,000=20308
7,438,000=11684
7,442,825=1438
7,446,000=20639
7,446,356=16492
7,447=8883 9046
7,450,000=8289
7,452,000=2421
7,453,000=17965
7,456,000=2750
7,472=10322
7,472,000=680 7253
7,474,000=11301 14983
7,476=4852
7,476,433=5043
7,481,000=1205
7,482,000=15881
7,485,000=3604
7,489,000=4141
7,490,000=8979 20561
7,491,000=20561
7,492,000=4021 7734 8858 20499
7,492,686=3909
7,493,000=17788
7,495,936=11980
7,497,000=6504
7,497,782=6257
7,500=105 3928 4365 10521 11386 12849 18676 19903
7,500,000=3023 4749 6433 8827 10890 11009 11112 12214 14556 17362 20818
7,500-9,500=14491 15097
7,501,209=4788
7,507,000-dlr=1288
7,508,000=4157 9066
7,508,096=11566
7,510,000=15881
7,510,781=11340
7,515=13380 13382
7,521,643=4235
7,525,000=17551 19688
7,527,000=4012
7,528,000=20207
7,531,664=20747
7,535,000=606
7,54,000=21135
7,541,000=10925
7,543,000=12645
7,544=13796
7,549,000=20947
7,550=17438
7,557,000=7790
7,560=16771
7,564,000=6850
7,567,000=16608
7,571,000=837 6234
7,577,207=138
7,579,547=10046
7,580,000=17703
7,582,000=3989
7,585,000=1111 16890
7,588,280=16802
7,589,000=12364
7,589,344=4438
7,591,564=1610
7,592=13108
7,597,000=8925
7,598,522=6179
7,599=105
7,599,000=4974
7,599,017=4378
7,600=4502 5513 7440 9920
7,600,000=3697 9270 13877 19334
7,602,000=6165
7,603,219=1364
7,610=19111
7,619,863=9896 9970
7,624,000=20800
7,625,000=8979 9964
7,637,000=1251
7,640=2019
7,641,290=5538
7,646,000=3755
7,652,000=18828
7,654=16671
7,658,000=1564
7,659,000=8327
7,660=4022
7,660,000=5735
7,666=4816
7,666,000=5658
7,670=12951
7,671,000=19267
7,671,855=9287
7,672,146=5566
7,675,000=21142
7,680,350=15613
7,684,000=2645 7096
7,695,000=5327
7,699,241=6130
7,700=2958 11190
7,700,000=388 5390 20471
7,703,625=12484
7,709,000=10853
7,710,000=164
7,715=19065
7,719,000=9625 16812
7,722,000=16013
7,723,838=20976
7,726,000=20655
7,730,000=6104 6113
7,732,544=6084
7,737=2765
7,740=5513
7,742=18739
7,744,000=20983
7,744,466=6848
7,745,000=3629
7,749,000=2918
7,752,800=10832 10917
7,754,000=14960
7,764,000=14960
7,766,000=4504
7,767,000=7954
7,767.8=12758
7,772,932=4288
7,774,000=1198
7,777=18739
7,784,000=15680
7,786,640=20813
7,786,730=8565
7,788,000=12154
7,791,000=5632
7,792,000=20894
7,800=8771 10342 20026
7,800,000=11333 20583 20672
7,802,000=17967
7,804,000=16478
7,808,000=6476 20561
7,813,0000=20668
7,814,000=420
7,815,000=2674
7,818,000=2212
7,823,000=12137
7,825,000=17655
7,826,000=11878
7,832,800=16378
7,833,000=18065
7,833,424=6232
7,833,570=20969
7,835,000=8528 8581
7,837,511=16492
7,841=5513
7,843,000=5994
7,845,000=20695
7,847,000=18155
7,851,000=5968
7,854,000=2266 8577
7,855=16771
7,856,000=15833
7,857,997=12674
7,866,000=169
7,869,353=7635
7,879,000=21281
7,881,000=18875
7,888=11803
7,891=19165
7,892,000=5749
7,896,000=2309
7,897,000=12596
7,900=4022 6396
7,900,000=1541 7107
7,912,000=7190
7,916,000=20561
7,917,000=19915
7,925,000=21195
7,927,000=21283
7,928,000=5632
7,929,000=14998 20791
7,929,138=14995
7,930,961=20600
7,932,000=2471
7,933,000=19644 19674
7,934,064=20600
7,948,000=21165
7,948,312=8488
7,951=2955 2968 3440
7,952,000=19644 19674
7,952,360=11980
7,959=7962
7,960,000=4751 6476
7,961,000=7074
7,961,602=1449
7,963,620=6273
7,965,000=2750
7,970,000=11053
7,972,000=6859
7,974.5=15871
7,975,000=9625
7,977,000=10538
7,978,000=20586
7,979,000=1722
7,981,022=734
7,981,198=2820
7,983,000=20900
7,993=4061
7,995=17483
7,997,000=4021
7,999,000=10925
7-1=4868
7-1/16=16161
7-1/2=59 1031 2161 2245 2346 2584 2833 3020 3494 3623 3628 3702 3857 3923 4187 4245 4384 4716 5820 5823 5869 6489 7255 7607 7725 7767 9084 10448 10466 10675 10733 10799 10809 11083 11103 11746 11817 11848 11907 11913 11934 11940 11960 11989 12026 12101 12102 12112 12125 12131 12147 12181 12235 12246 12260 12274 12297 12509 12514 12571 12592 12632 12657 12687 12696 12784 12800 12835 13208 13411 13771 14157 14390 14408 14708 14724 15032 15168 15828 16304 16407 16437 17883 17952 18711 21491
7-1/4=329 827 905 916 928 1267 1431 1547 1559 1967 2408 3002 3068 3702 3974 4693 6379 7017 7586 7711 7939 9170 9375 9730 9889 11926 12451 12567 13771 14390 15108 16267 16304 17772 18021 20159
7-1/4s=3974 14708
7-1/8=242 2833 6922 7575 16161 16412 17204 17856 20263
7-11/16=3002
7-13/16=9730
7-13/4=12164
7-3/4=147 906 916 1014 1967 2697 3002 3068 3119 6379 6676 7384 8168 9375 9624 9730 11670 11746 11817 11848 11861 11907 11913 11934 11940 11960 11989 12026 12101 12102 12112 12125 12131 12136 12147 12181 12229 12235 12246 12259 12260 12274 12297 12302 12333 12337 12451 12501 12509 12514 12571 12592 12632 12634 12657 12687 12696 14270 15378 15550 15843 16407 16565 17325 21277
7-3/8=242 301 3664 7833 8682 8803 9452 12597 13798 14208 15743 17204 17466 21491
7-5/16=17204
7-5/8=678 1136 1800 3503 4839 7575 8718 8853 21285 21343
7-7/8=414 421 8484 8944 9730
7-8=16972
7-day-a=1241
7-dlr-a-share=17839
7-eleven=9139 12347 12441
7-june=7962
7-markets=11914
7-state=5896 17176
7-year=10250 12210
7.0=6 235 1854 2006 2409 4267 4674 5027 5039 5734 6143 6360 6751 10959 11705 11711 11987 12080 12331 12709 12720 12991 13182 14313 14326 14459 14657 14860 15536 15860 15871 15949 16141 16873 17640 18146 18405 18463 18556 18665 19374 19687 20116 21060
7.00=14685 14699 15374 15869 17654 17714 19780 21443
7.00..=11083
7.01=4089 5815 15875 15986 21381 21473
7.02=9733
7.03=12199 21473
7.0375=141
7.04=10297 10349 10376 18009 21386
7.043=15835
7.05=1944 1968 18439
7.06=3699 5785 6999 17427
7.07=4591 4952 5411 12783 20538
7.08=1898 9691 9732 9842 13482 18579
7.0p=6356 11227
7.1=327 592 690 700 702 887 1459 1582 1656 2063 2567 2580 3512 3615 3922 3931 3981 4500 4674 5769 5842 5846 5926 6156 6400 6890 7135 7472 7813 7864 8020 8325 9521 9741 10025 10385 11209 11739 12160 12432 12449 12709 12720 12788 13169 13907 14826 15043 15276 15295 15296 15419 16159 16393 16470 16472 16718 16772 16788 16833 17037 19029 19030 20243
7.10=6178 10688 11083 15875 15914 20918
7.11=141
7.12=7615 11165
7.13=10262 17327
7.15=48 10262 15816 16951 21491
7.153=2615
7.16=9770 9784 9821 9848 11316
7.165=17919
7.17=15816 17327
7.172=2407
7.18=1132 5216 10107 13326
7.19=16248 16952 16967
7.2=434 836 1347 1456 1582 1964 2021 2023 2888 3024 3597 3615 3909 4108 4372 5260 5787 5848 5955 6657 6930 7212 8964 9201 9521 9706 9729 9749 10078 10462 11032 11049 11078 11197 11540 11859 11998 12080 12106 12160 12676 12681 12818 13539 14201 14440 15043 15220 15227 15489 15800 15871 16107 16410 16658 16935 16937 16946 16957 16965 17170 17214 17243 18375 18916 21019
7.20=48 2662 4623 10531 11083 14109 14515 15374 15816 16951 17327
7.205=880
7.21=2684 3690 3792 4898 8777 15250 15914
7.22=734 3690 3792 10190
7.23=4223 12521
7.23304=14664
7.24=9556 18287 19075
7.25=248 352 2383 3501 3743 5167 5273 6348 6352 6821 8098 8301 8633 9350 14853 15160 16951 17196 18009 19049 19963
7.26=1106 1658 1751 1968 2311 5110 6948 14109
7.27=963 1433 7557 9127
7.28=1106 2408 4458 16775 18481 18527
7.29=17327 18425
7.291=11656 12307
7.3=246 470 513 1582 1732 2593 3615 3639 4045 4710 5260 6197 6605 6758 8155 8494 9271 9521 9596 9769 10778 11106 11738 12080 12160 12342 12477 12778 12788 13058 13206 13458 13606 15043 15604 15871 15967 16893 17193 17449 17469 17511 18127 18146 18988 19155 19794 20003 21367 21368 21423
7.30=12774 14184 14374 15816 15865 15921 19536 20598
7.31=10190 12738
7.32=12199 18461 21414
7.33=271 8628 8666
7.34=15168
7.35=4205 4898 6301
7.354=20360
7.35p=9160
7.37=10297 10376 15108 15910
7.375=17919
7.38=3664 10297 10341 10376 15816 15922 17901
7.383=15835
7.4=1459 1478 1556 1734 1854 2363 2420 2552 4078 4152 4290 4686 7015 8882 9706 9733 9749 9850 10078 10080 10150 11795 11823 11872 12077 12383 12394 12647 12995 13331 14862 15871 15888 16176 16270 16348 16410 16759 17013 17014 17085 17091 17312 17385 17427 17443 17846 18103 18127 18300 19166 20557 21248 21260 21333 21473
7.40=3868 5776 12774 13331 13780
7.41=15914 21381
7.42=1105 11388 15192 19683
7.43=5216 15723 19075
7.431=277
7.44=4100 8449
7.45=2774 2931 4376 5274 6976 8272
7.46=1751 16969 19078
7.47=5104
7.49=4881 5748
7.5=3 36 54 84 378 559 844 1042 1053 1284 1459 1696 1701 1720 1889 2400 2618 2746 3261 3478 3519 3562 3592 3814 3849 4019 4086 4287 4472 4678 4764 4771 4926 4942 4944 5027 5039 5104 5118 5205 5225 5239 5253 5282 5341 5455 5734 5738 5822 6275 6374 6406 6426 6453 6603 6869 6887 6922 6936 6939 7015 7036 7263 7355 7557 7654 7710 8239 8283 8314 8561 8706 8881 8882 8902 9271 9448 9521 9868 10289 10420 10525 10753 11011 11136 11443 11471 11756 11792 12120 12160 12221 12248 13169 14313 15043 15051 15194 15311 15555 16108 16524 16557 16596 16937 16987 16997 17082 17114 17409 17431 17447 17760 17901 18293 18374 18375 18432 18529 18548 18556 18933 18961 19046 19107 19490 19509 19617 20270
7.5/8.5=14671
7.5/9=14671
7.50=393 481 496 714 2081 2366 3642 4898 5104 5120 5748 6011 6966 7544 11083 11535 11602 12316 12336 12483 13177 13653 14390 15381 15910 19565 19869
7.50..=11083
7.5039/5189=13324
7.51=5785 7036 7607 16966
7.5117/5267=13324
7.52=6335 8272 18409
7.520=15093
7.53=10041 13471 13577 14109 15019 17260
7.54=2205 4458
7.55=11168 21343
7.56=9084 12199 13004
7.57=3628
7.572=13255
7.58=3613 15816 19786
7.585=3478 3519
7.599=8272
7.5p=5257 18495
7.6=124 327 897 929 1178 1633 1993 2529 3105 3456 3840 4027 4094 4145 4369 4472 4508 4989 5034 5205 5787 5799 6331 6605 6721 7015 7359 7446 7447 7482 8579 8974 9792 9856 10349 10635 11350 11470 12341 13104 15220 15351 16093 16107 16141 16216 16718 16774 16787 17075 17375 17937 18003 18008 18463 18493 18994 19490 19619 19666
7.60=3173 6935 10041 10306 11962 12428 13331 18520
7.61=9127 20159 20263
7.62=8272 9728 17922
7.623=5049
7.63=16585
7.64=12860 13191
7.645=687
7.65=141 3554 6178 6376 14699 16585 18200
7.66=4881 8844 11103 17396
7.663=2161
7.67=14279
7.67p=4100
7.68=1100 4238
7.682=3923
7.69=4218 6976 17055
7.6p=9189
7.7=26 145 335 374 395 409 512 1354 1884 2567 3949 4263 4611 5131 5188 5210 5759 6631 6811 6890 7405 7731 7767 7811 8090 8364 8611 8644 8706 9091 9154 9521 9634 9715 9835 10266 10353 10611 10809 11155 12158 12160 12176 12598 13803 15043 15143 15473 16021 16904 16913 17246 17449 17700 18073 18334 18542 18781 19110 20628 20917
7.7-billion=11323
7.70=4647 15865 15921 16927 19066 21414
7.70s=17611
7.71=18781
7.72=11241
7.722=3923
7.73=1800 5800 8161 10011 15866 15914
7.74=7482 17223
7.75=1000 4563 6441 6821 7015 8098 8386 8975 9472 11083 11771 12210 12316 12336 12483 12886 14390 15184 15914 16664 18033 18540 18672 19107 20775 21404
7.75..=11083
7.75p=8155
7.76=15914
7.77=12829
7.78=17294
7.782=6676
7.78573=14664
7.79=3593
7.7p=17900
7.8=448 494 530 772 891 1459 2531 3195 3422 3541 3833 3909 3981 4081 4091 4092 4686 5039 5104 6228 6464 6890 7444 7557 9190 9521 9634 9722 10339 10612 11049 11528 11535 11781 12080 12160 12752 13177 13803 14949 15386 15473 15555 15871 16155 16360 16396 16990 17074 18048 18550 18995 19107 19200 19424 20225
7.80=1682 1968 5787 11083 13331 13396 14268 14450 21113
7.8005/25=13396 14780
7.8015/35=13396 14780
7.8020=13344
7.8030=13329
7.8035=13293 13397
7.82=1912 16546
7.83=6447 11103
7.84=13592 13771 14390
7.85=2615 9540 12818 14699 15922
7.8520/8678=13324
7.857=20757
7.86=13208 13261 13592 20457
7.86p=7008
7.87=9691 9732 11388 14390 15914
7.8729/8887=13324
7.88=11220 13771 16250 20613
7.89=989 16642
7.9=6 38 1353 1427 1621 3420 4036 4091 4787 4906 5173 5438 6605 6893 7424 8373 8981 10872 11041 11388 11795 11823 12099 12182 12649 12682 12752 14755 15351 15365 15509 15557 16350 16413 17822 18665 19200 20396 20557 20783 21248
7.90=9590 13331 16951
7.91=15326 15910 16951
7.912=15093
7.92=2969 10821 18797 18914 19738 19740 19824 19834 20538
7.926=8484
7.93=9590 13208 13261 13592 19683
7.94=14708 14724 15910
7.948=8786
7.95=5274
7.96=13004
7.97=1132 12210 15429 15451
7.98=13208 20180
7/1/82=5 13799 14486 15952
7/16=3137 13346 13533 13995 14217 14791 16161 17575 17593
7/32=5869 7036
7/8=137 270 714 1140 1408 1472 2056 2108 2116 2423 3022 3494 3534 4573 4611 4830 5186 5294 6023 6991 7018 7081 7391 7664 8506 8669 8831 9394 9490 9714 9730 9796 10405 10408 10410 10733 10799 11148 11155 11184 11240 11851 12122 12565 12784 12800 13346 14279 14609 14671 14700 15083 15410 15414 15673 15857 15957 16249 16398 16501 16773 16864 16904 17450 17458 17575 17593 17982 18923 19207 19533
70=32 55 145 169 223 270 287 295 331 381 485 902 1087 1234 1460 1616 1638 1722 1723 1749 1764 1846 1868 1906 1938 1947 2012 2108 2298 2304 2419 2560 2762 2785 2824 2830 3054 3086 3115 3267 3277 3303 3351 3411 3445 3592 3745 3813 3886 3932 3943 4040 4215 4402 4442 4568 4608 4630 4647 4764 4785 4798 4912 5134 5163 5203 5229 5250 5265 5282 5298 5356 5772 5787 5888 5911 5950 6039 6040 6048 6112 6214 6238 6372 6387 6389 6423 6697 6717 6734 6760 6853 6923 6929 6954 6963 6964 6985 6991 7018 7201 7479 7530 7545 7550 7563 7594 7661 7705 7727 7827 7948 7988 8114 8118 8134 8139 8143 8158 8195 8203 8248 8307 8310 8315 8484 8595 8660 8727 8740 8815 8901 8929 8941 8943 8971 8990 9049 9091 9206 9458 9464 9507 9687 9692 9722 9725 9733 9736 9742 9745 9754 9850 9872 9947 10013 10078 10080 10106 10168 10247 10258 10273 10315 10335 10355 10398 10455 10549 10765 10830 10848 10860 11108 11119 11123 11130 11213 11223 11231 11270 11300 11347 11381 11453 11639 11684 11700 11781 11802 11809 11838 11872 12066 12072 12142 12209 12272 12281 12304 12647 12759 12798 12831 12874 13076 13115 13140 13420 13493 13576 13618 13780 13861 13904 13993 14071 14100 14313 14331 14374 14721 14838 14930 15024 15026 15090 15103 15106 15327 15329 15437 15558 15576 15671 15732 15746 15747 15798 15824 15894 16176 16335 16412 16495 16501 16596 16680 16833 16839 16958 16961 17048 17055 17079 17141 17232 17364 17372 17460 17477 17825 17848 17913 17923 17957 18306 18371 18505 18521 18523 18698 18887 19016 19151 19312 19321 19457 19538 19589 19611 19695 19852 19877 19912 19982 20020 20064 20168 20273 20309 20352 20533 20634 20652 20773 20855 20867 20905 20912 20987 20999 21020 21129 21174 21191 21251 21265 21271 21275 21281 21416 21437
70,000=229 311 339 4461 5048 5800 6486 6977 7200 7268 7660 8319 8331 8698 11224 11755 11843 12551 12615 12638 12721 12971 12995 13129 13179 13462 13729 14126 14722 14830 15005 15422 15905 16080 16718 18427 19152 19295 19717
70,000,000=6557
70,000-tonne=908
70,033=10021
70,194=15704
70,237=839
70,306=285 4643
70,351=15953
70,389=839
70,560=6995
70,900=20917
70-3/4=15239
70-30=13280
70-85=14010
70-88=11941 12016
70-billion=3767 20871
70-day=5322
70-megawatt=16704
70-mile=20250
70-year=10247
70.0=774 17961 19359 20357 20668
70.00-70.50=14657
70.00-75.00=14657
70.03=16236
70.05=11787
70.05-73.90=14323
70.06=13004
70.1=2658 3801 4370 5967 12860 15871 20168 20237
70.2=15489 15490 20234
70.20-73.20.=14323
70.23=15026
70.3=12362 19198 20206 20822
70.4=3484 3515 3541 13615 21224 21347 21386
70.40=8844
70.5=2433 2718 4078 6840 9927 10017 11113 11257 15871 18411 18414 19431
70.50=960
70.50-73.50=14657
70.56=17062
70.58=391
70.6=6840 15192 15670 16118 20206 20353 20746
70.62=6964
70.66=13424
70.7=5941 17385 17869
70.8=2962 8229 8301 10430 12033
70.9=846 2438 2444 6760 8394 13031 17506
70.90=11778
70.94=4610
70.95=18873
700=107 336 341 375 411 814 936 1374 1459 1773 1885 1984 2390 2503 2535 2855 3022 3062 3249 3430 3490 3564 3615 4022 4045 4106 4383 4391 4400 4548 5189 5220 5539 5727 5765 5799 5825 5846 5851 5902 6230 6427 6599 7126 7135 7406 7794 8004 8006 8121 8196 8595 9123 9215 9298 9323 9607 9719 9940 9950 9969 9996 10148 10183 10321 10356 10545 11076 11574 11709 11818 11919 12369 12392 12494 12523 12644 12745 12785 12875 12878 12909 12963 13801 13809 13967 14109 14149 14266 14378 14435 14462 14892 14921 14953 15063 15194 15530 15674 15838 15853 15872 15875 16087 16166 16775 17176 17258 17286 17312 17354 17976 17984 17993 18331 18421 18744 19230 19290 19294 19353 19494 19526 20304 20307 20320 21101
700,000=640 1041 1343 1388 1607 1652 1856 2129 3295 3330 3824 4438 4461 4650 4751 4939 5156 5330 5562 5647 5667 6812 6939 6946 6977 7268 7291 7381 7572 8034 8262 8729 8731 8763 9025 9229 9309 9391 9479 9492 10132 10220 10413 10544 10701 10956 11381 11491 11605 11626 12306 12575 12917 13236 15373 15795 17140 17145 17330 18146 18352 18436 18849 19189 19907 20523
700,086=9231
700,102=13807 13832
700,400=20766
700,500=11632
700-800=6914 14295 14323
700-850=14685
700-acre=8089
700.00=12426
700.7=7096
700/800=13682 14362 14673
700/850=14685
7000=14070 18519 19402 21304
700p=304 3264 3747
701=13420 19527
701,000=3708 3720 3723
701.9=15279
7010=21304
701p=13576
702=4630 13967 18061
702,000=859 15326
702,600=15365
702,994=9103
702.5=21315
702.6=899
703=8166 9981 15986 19919
703,000=142
703.4=8469 16415
703.9=16324
704=7386
704,803=3782
704.1=16668
704.5=11859
704.50=12426
705,496=1328
705,799=6323
705,888=5610
705.3=1059
705.4=4149
705.5=2085
705.7=12829 16668
706=20783 21188
706,000=4930 16080
706,111=20479
706,130=14985
706,393=9312
706,470=12423 12790
706,836=6848
706,984=9097
707=710 3270 16786
707,000=2350 15207
707,905=3822
707.9=11349
708=6492
708,000=21295
708,197=21206
708,700=3717
708.0=14622
708.3=20308
709,000=2421
709,200=313
709,787=1355
70mb=12496
70th=10846
71=145 619 868 1375 1562 1677 1732 1734 1771 1836 1890 1996 2180 2221 2298 2375 2946 3013 3030 3543 3602 3624 3841 3908 3958 4065 4581 4791 4988 5317 5415 5494 5543 5950 5968 6112 6298 7061 8259 11407 11665 12382 12658 13115 13173 13861 14183 15108 15238 15695 15886 15891 16356 16382 18048 18242 18923 20392 20476 21055 21413
71,000=1137 1364 2234 6486 7985 11464 16265 18003 19619 19837
71,035=652
71,070=16099
71,101,000=6813
71,144=4077
71,300=15975
71,539=3015
71,631=16760
71,671=13807 13832
71-1/2=15589
71-1/8=10080
71-5/8=9947
71-seat=6899
71.0=6353 6840 7332 20206
71.00-78.00=14295
71.04=8619
71.08=20304
71.1=4364 9234
71.10=13424
71.2=434 6653 8902 9176 17545
71.25=288 18873
71.3=827 6165 6376 12406 12418 16252 20304 20682
71.4=2228 9058 11227
71.5=5682 10017 14276
71.50=15874
71.6=50 3480 3490 5793 6121 6322 11042 11145 14276 15000 19220
71.60=15874
71.7=6179 6363 10211 17029 18620 19066 21053
71.70=15874
71.71=15874
71.75=6760
71.76=5817
71.8=1211 2725 3111 8236 11957 20910
71.85=5473
71.9=4016 6485 10715 16454 16715
71.99=21388
710=2695 5965 11497
710,000=3024 5763 13139 15643
710.3=12262
710p=3264
711=15530 17909
711,000=16819
711,192=473
711,530=21164
711.0037=11778
711.1=21113
712,000=1042 3543
712,087=8407
712,500=3717
7124/3=9279
7125/1=9279
712p=6434
713=13825 13995 15386
713,000=2602 6149 16654 17616
713,300=8286 8317
714=15792
714,000=6496 8337 9583
714,263=2270
714,490=8494
714,670=16522
714,747=19704
714,905=8488
715,000=3634 4972
715,113=12306
715.5=6583
716=7543 19518
716,000=1036 4029 10089 11878 21242
716,361=5501
716.5=20915
716.50=13588
716.9=1466
7167=13634
717=6372 14612 15864
717,000=494
717,689=1640
717.8=6752
718=2186 4519 6492 18849
718,000=1375
718,269=10427
718,545=16953
718.4=20249 20463
719,700=10190
719.2=15279
719.5=18315
719.80=18276
719.8286=885
719.9=5744
72=24 65 302 557 619 660 937 1271 1301 1460 1734 1849 2101 2221 2710 2828 3040 3077 3135 3440 3602 3905 4089 4870 5029 5104 5994 6094 6341 6714 6760 7135 7498 7577 8095 8273 8331 8970 8986 8997 9855 10313 11100 11262 11470 11575 11925 12035 12304 12318 12323 12389 12573 12789 12799 13019 13032 13115 13173 13491 13573 14926 15055 15103 15294 15315 15354 15640 15851 16151 16283 16584 16870 17026 17135 17668 17869 18071 18332 18689 18829 19329 19769 20264 20302 20339 20356 20358 20473 20706 21173 21474
72,000=24 1554 2309 2350 2409 3672 9961 11058 12857 12861 12992 13003 15917 15932 15988
72,0000=15166
72,026=15611
72,118=13807 13832
72,180=14133
72,203=10391
72,319=13807 13832
72,364=5496
72,374=4101
72,485=17731
72,500=12975
72,600=16685
72,629=21180
72,865,101=11111
72-1/4=10080
72-3/4=1705
72-5/8=110 13907
72-73=2725
72-75=12709 12720
72-hour=7890
72-member=19316
72-story=10205
72.0=1460 2333 2725 11470 15875
72.1=2048 3470 3666 6978 7028 9784 9848 10091 12380 21222
72.13=7544
72.2=557 2919 13561 18152 20206 21386
72.28=6948
72.3=899 902 1178 1251 2810 12449 13419 13561 13564 13995 14357 15871
72.39=9127
72.4=3111 3946 5055 13561
72.5=3111 8873 9326 18405
72.50=1019 4610 10474
72.6=3470 5456 15103 17889
72.65=15914
72.7=3470 3533 3666 4500 5011 7402 10919 12878 20118 20668
72.77=15914
72.8=7734 21327
72.9=3740 5312
72/78=8800
720=1733 2269 3080 5574 7174 8149 10640 12496 14799 15530 16443 17460 19946
720,000=235 274 596 2265 3545 5431 6293 7948 15985 17660 21500
720,126=12898
720,500=1861
720,906=3667
720.0=2083
720.2=16476 16496
720.4=58
720.7=21218
720a=13967
721,000=494 6743
721,882=16645
721,900=11078
721,937=4361 4385
721.7=15871
7219/9=9279
722=12840 13967
722,000=10462 18003 20372
722.6=10284 11388
7220/7=9279
7224/7=9279
7224/8=9279
723=9770 9821 17170 17669
723.2=4638
723.7=15588
724=8761
724,000=19619
724,755=11664
724.2=2653
724.8=18199
725=3438 3931 10729
725,000=4898 5090 10235 15045 16080 16441
725,023=2172
725.2=3261 3316 3797 4943 15331
725.9=11721
725.92=8065
726,000=7438 7495 10925 17751 20373
726,600=10190
726,700=2224
726,816=10097
727=4568 5810 19078
727,000=8318
727,432=9525
727,781=528
727-100=16841
727.08=17226
727.5=16546
728=7571
728,000=1036 5716 8364 11443
728,239=13687
728,476=15155 21295
728.2=20583 20672
7289=15584
729=15875 17909
729,000=327 1010 11878
729,500=6202
729.0=15321 15356
729.4=4719
72mb=13707
73=14 340 449 481 649 686 696 930 945 1380 1562 1642 1771 1836 1996 2179 2194 2196 2211 2212 2375 2471 2580 2774 2931 3094 3649 3946 4067 4212 5888 6523 6551 7083 7226 7543 8291 8559 8678 8698 9237 9267 9458 9770 9784 9821 9845 9848 10053 10405 10410 10529 11273 11604 11679 12277 12616 12773 13417 13534 13576 13627 13993 14258 14279 15090 15107 15114 15122 15210 15213 15227 15723 15762 16428 16621 16625 16658 16726 16913 17713 17808 18052 18084 18213 18225 19259 20285 20401 20497 20539 20601 21105 21229 21237 21254 21260 21336
73,000=210 1585 2353 2386 3422 4696 5056 5582 8956 10785 10999
73,100=17672
73,164=3639
73,200=313
73,374,398=15548
73,614=5437
73,653,000=5340
73,684=14133
73,843=15572
73-3/4=20895
73-5/8=15810
73-73-1/2=14370 14669
73-82=10073
73.0=5407 12211 17966
73.02=15913
73.04=15914
73.1=1188 1469 2304 2366 12901 16118 17966
73.2=10211 20746 20826
73.23=9822 15914
73.24=8759
73.25=2110
73.27=7221
73.3=8997
73.30=11787
73.32=7544
73.38=10272
73.4=20634
73.5=557 5255 5323 10226 12031 17477 17545
73.6=2304 3480 8907 11824 15374 15380 19254 20188 20499
73.65=5153 6451
73.7=1689 3840 8745 10499 20665
73.71=19198
73.8=5508 6962 8969 9141 9212 19593 19738 20213 20715
73.9=12570 13856 17149 17423 20213
73.95=15914
73.97=5817
730=1171 4232 4833 12056 12224 12763 13495 13686 14364 18652 19553
730,000=16812
730,100=15045
730.3=2657
730.9=15871
731=6507 8905
731,000=3870 3958 7191 16888
731,055=16717
731.4=13712
732=1931
732,000=5264 6597 11443 11685
732,700=3717
732,924=5925
732.1=3541
732h=13967
732l=13967
733=880 5104 13967 14364 17369 18686
733,000=4898 6274 10601
733,332=6877
733,980=21236
733.5=111
733p=8618
734=8166 13495 13687 16562 18541
734,000=731 16801
734,609=12506 12515
734,659=21209
734.2=111
734.50=11241
734.6=111
735,000=5264 15643 19450
735.0=111 2468
735.00=12426
736=5765
736,000=15065 21142
736,219=17630
736,974=15733
736.0=16481
736.3=10644 10648
736.6=2468
736.7=111 2468
736.8=4544
737=11538 14077
737,000=7495
737,283=12704
737,500=9876
737,917=11019
737,971=9965
737,987=310
737-200=6008 17158 17974
737-300=8468 12955 17158
737-400s=294
737.0=11711
737.1=2554 4544
737.2=7437
737.3=4719
737.50=13422
737a=13967
738=880 1047 9160 12129 12224 13967
738,000=5321 9110
738,262=8875 8900
738.0=4544 7437
738.2=5573 7437
738.3=10183
738.5=2468 2554 4544
738.6=4544
738.7=7437 10183
738.9=6816 15989 18646
739=6372 9706 13967 14742
739,000=21221
739,146=410 473
739,540=20507
739.0=10183
739.1=10183 12266 12714
739.7=12714 15989
739.8=15989
73rd=8346 20853
74=199 202 266 362 541 960 2637 2765 2775 2938 2991 3818 3822 4072 4221 4685 4754 5120 5354 5437 5539 5744 6194 6209 6271 6309 6962 7476 7543 7609 7874 8372 8448 8553 9084 9141 9212 9408 9458 9845 10054 10091 11047 11217 11282 11781 11839 11852 12920 13248 13573 14612 14721 15027 15772 15806 16227 16275 16642 16870 16893 17795 18525 18769 19926 20283 20358 20988 21298 21417
74,000=5595 5725 5789 8457 15188 16244 19055
74,071,755=4541
74,123,837=15548
74,184,000=15326
74,225=7482
74,270,000=15326
74,387,000=15326
74,485,000=15326
74,596-dwt=17387
74,600=11857
74,694=20270
74,900=8295
74-1/2=1705 12203 14669
74-1/4=14482
74-3/8=2366 17166
74-7/8=7391
74.0=126 7914 18952 19015 19050 20300
74.09=4100
74.1=12005 12426 12715 16625 17903
74.2=12378 15079
74.3=5508 20166
74.4=3486 12570 20237
74.5=861 3192 3868 7133 9820 10037 20213
74.50=13406 15914
74.55=2744
74.6=3919 9317 15594 15851
74.64=18487
74.7=3860 3890 5011 20213
74.77=17062
74.79=15906
74.8=3971 5965 11145 17489
74.80=3535
74.86=10594
74.9=598 620 4064 4370 10393 10648 19494 21106
74.91=9707
740=3828 5785 6225 9436 11241 13422 15853 15875
740,000=19953
740.0=12714
740.2=1044 10183 12714
740.5=20529
740.9=15989
741=2062 2269 4773 10944 15063
741,000=12042 16458
741,121=18068
741,136=21190
741.0=12714 15989
741.7=15871
742=880 3129 4773 13501
742.50=13422
742.6=21413
743=1408
743,000=4372 4791
743.7=8199
743.8=1423
744=710
744,200=17785
744.50=13422
745=8601 13422
745,000=1770 19648 19803
745,641=5555 5563
745,976=4753
745.3=2832
745.50=13422
745.7=19028
746=8723 9841 11138 13501
746,000=13854 15153
746,004=8340
746,289=17672
746,837=2978
747=264 344 3284 6353 6490 7383 11538 13249 13422 13501 14878 15073 16089 16786 17965 19043 19060 20672
747,000=11407 16551
747-300=264 344 6353 6490
747-400=264 344 6490 16047 18659
747-4000=16034
747-sr=12816 13049
747-sr.=13049
747-srs=12816
747.0=20583
747.50=12746
747.9=1011
747s=933 7055 9353 11247 13049 17862 18542
748=11075 20226
748,000=13118
748,119=1618 1637
748,472=11230
748,628=12244
7480=1542
749=364 10246 16335
749.8=20915
75=10 183 251 299 382 467 468 565 635 660 680 980 997 1000 1141 1352 1400 1485 1531 1558 1582 1604 1787 1890 1922 2007 2132 2214 2272 2296 2305 2363 2406 2470 2475 2477 2489 2515 2547 2650 2763 3115 3160 3178 3220 3340 3431 3459 3488 3559 3630 3638 3712 3750 3842 3903 3936 3981 4007 4014 4047 4202 4328 4360 4370 4443 4645 4661 4734 4830 5073 5150 5282 5312 5341 5464 5560 5631 5823 6040 6095 6189 6229 6286 6307 6360 6380 6382 6426 6492 6539 6545 6676 6768 6883 6941 7016 7034 7055 7058 7241 7257 7304 7309 7332 7354 7404 7503 7543 7545 7665 7697 7799 7873 7927 7932 8021 8024 8060 8083 8108 8247 8274 8310 8371 8375 8470 8582 8595 8630 8697 8739 8743 8830 8831 9097 9130 9144 9160 9203 9394 9410 9437 9667 9672 9742 9758 9845 10007 10023 10133 10168 10175 10312 10315 10343 10350 10351 10365 10526 10544 10580 10637 10722 10744 10843 10860 11007 11011 11070 11124 11216 11466 11481 11512 11533 11587 11590 11624 11685 11830 11835 11901 12026 12108 12159 12277 12314 12315 12322 12412 12416 12451 12467 12527 12626 12738 12754 12782 12947 13051 13090 13146 13164 13186 13215 13413 13458 13462 13487 13612 13659 13854 13904 14136 14327 14510 14697 14721 14809 14846 14868 14901 14998 14999 15019 15042 15059 15113 15227 15297 15371 15492 15635 15637 15639 15745 15788 15924 16016 16062 16071 16112 16149 16188 16240 16314 16321 16358 16435 16501 16560 16562 16625 16644 16696 16781 16803 16996 17054 17055 17076 17158 17217 17271 17301 17310 17352 17353 17476 17477 17552 17581 17886 17913 18007 18230 18324 18436 18588 18663 18762 18823 18838 18858 18873 18902 18923 19006 19019 19089 19190 19220 19333 19481 19514 19540 19552 19666 20191 20365 20370 20384 20472 20531 20535 20841 20949 20960 21049 21103 21396 21455 21461
75,000=380 1067 1388 4096 5010 5636 6221 6512 6578 8914 8934 9339 9726 10214 10216 11183 12306 12726 12818 12849 13462 13606 13722 14716 15729 17499 17801 19322 19619 20239 20258 20668 20738 21304
75,000,000=15107
75,004=14275
75,160=13294 13366 14716 16079
75,200=2456
75,212,711=15960
75,453=20058
75,500=12787
75,530=105
75,605=12334
75,687=10322
75,760=18197
75,793=4999
75,809=3634
75,900=3317 15858
75,967=7302
75,985,696=15960
75-1/2=13904
75-100,000=2383
75-5/8=1408
75-80=19982
75-cent=12535
75-day=10916
75-member=4071
75-space=2469
75.=13013
75.0=1295 2736 6017 6301 6787 9889 13803
75.01=18487
75.05=4610 4621 4626
75.1=5485 11912 15586
75.10=19105
75.14=13019
75.15=4938
75.17=6897
75.19=2744
75.2=434 3870 9082 15875 19254 20784
75.25=3535
75.27=2110
75.3=2789 5485 10398
75.30-81.50=14323
75.39=7818
75.4=1132 4220 4791 6372
75.40=21497
75.49=10519
75.5=20831
75.53=4610 17930
75.58=4152
75.6=1602 15875
75.68=10519
75.7=1572 6301 7264 13452 13557 14277 15860 17442 18405 20502
75.8=10284 11700 21347 21386
75.80=17301
75.89=10519
75.9=15103 17889
75.95=4938
75.98=12548
750=109 489 502 970 1426 2430 3313 3568 3981 4830 4931 5412 5432 5491 5765 5779 6201 6757 6866 7095 7428 7662 8182 8194 8247 8971 9784 9848 10141 10356 10416 10422 10663 10795 10812 10990 11453 12160 12746 12785 12789 12812 12878 13057 13422 13517 13757 14136 15291 15716 15994 16680 17116 17645 18863 19289 19331 21046
750,000=422 1213 1903 2389 2513 2808 3717 3747 3868 5415 5431 5716 5847 6213 7616 7730 7982 8200 8862 9002 9329 9406 9593 10022 10570 11601 11875 12323 13015 13018 13614 14842 17774 17839 18726 18774 19110 19967 20530 20742
750,856=3954
750.5=3427 20249 20463
750/1,000=12174
750/750=12174 15727
750p=8618 8632
750th=1807
751=9639 9770 9821 12746 18527
751,000=3801 16817 21215
751,563=11885
751,900=17848
751.3=16028
751.7=2832
751.8=5297
752=5599 5810 9639 11773 13993 15806 20393
752,000=5493 11630 21194
752,234=8219 10227
752,297=3025 3094 9047
752.50=12746 13517
752.8=17251
752a=13967
753=1 8149 8739 19294
753,000=2558 9480 12971
753,518=5501
753,948=8340
753.5=1138 1181
753.7=4741
753.8=11504
754=18579
754,000=2826 6495
754.1=11388 20365
754.45=7259
754.59=13690 13791
755=9607 12746 13517 13967 16986
755,000=11824 12777 13169
755,605=9566 9611
755.4=20308
755.6=15619
756=1210 4657 4663 4692 4795 5276 7003 15742
756,000=8750 15729
756.9=10649
757=3198 3241 6490 8777 8820 11538
757,300=7703
757-200=294 2180
757.24=13690 13791
757.5=2906
757.50=13517
757.6=7821 21381
757s=294
758=17669
758,000=1765 4103
758,620=4378
758,700=7026
758,770=6946
758p=941
758x=1242
759=413 7003 7174 7428 7499 7599
759,000=21182
759.3=8702
759.7=16324
75e=21304
75pn=14432
76=161 460 471 749 774 1178 1445 1502 1682 1718 2182 2326 2602 2744 3019 3065 4562 4574 5456 5541 5558 5628 5744 5887 5994 6081 6562 6863 6977 7132 7212 7525 7543 7731 7892 8010 8716 9160 9316 9835 10266 10353 10917 11049 12176 12745 12883 13059 13263 13487 14869 15515 16492 16579 16909 17301 17416 17715 17837 18071 18347 19034 19153 19575 19968 20255 20352 20353 20385 20538 20900 21095 21145 21271 21281
76,000=844 2350 3801 6657 8579 8814 16808 18003
76,044=8654
76,059=4381
76,065=15953
76,130,000=7359
76,172,000=6813
76,225=13111
76,300=3324
76,340=1970
76,371=12224
76,400=7762
76,500=652
76,591=4258
76,605=12240
76,700=3317 15858
76,888=8219 10227
76,913=21180
76,919,119=15960
76-1/8=2108
76-year=1895
76-year-old=7608
76.0=15871 16206
76.06=19198
76.09=10519
76.1=6
76.15=15906
76.16=15906
76.19=8619
76.2=2877 11690 12596 21347 21386
76.29=10519
76.3=1644 3462 5316 5485 8229 20937
76.3586/5114=13324
76.44=9109
76.5=19050
76.50=12256 16071 17243
76.55=14865
76.58=15840
76.6=5219 8738 12874 18301
76.67=11436
76.7=7700 11739 12355 15875
76.70=19213
76.78=15840
76.7p=16207
76.8=5485 17442 18405
76.83=10754
76.84=15906
76.85=15840
76.9=1469 2366 4218 8001 15871 18526
76.93=5170
76.94=20546
76.95=13019
760=1964 4973 5039 5812 6219 6722 9290
760,000=313 5100
760,443=6880
760,500=12995
760,603=11031
760.1=1564
760.2=1245
761=5400 5539 6656
761,000=2593 6179
761.3=4741 16415
761.7=2657
762,000=2751
762,860=310
762.5=9650
763,000=5505 6573
763,071=12078
763,331=2977
763,546=9553
763,800=15890
764=9160 9182 16865
764,000=8447 20415
764,177=1366
764,901=21042
765=8685 12394 12963 17429
765,000=3672 5991 10572 10979
765,138=15888
765,808=6187
765.2=2496
766=3270 3563 7812
766,000=1803 11407
766,066=2167
766,185=151
766,251=19886
766,500=7026
766.0=5339
766.2=19598
766.9=9229
767=970 1060 3396 5198 6490 11538 12744 12833
767,000=6669 17035
767-200=1060 16786 17049
767-300=979 1060 1227 17158
767-300er=1006 1060 14966 17049
767p=16145
767s=979
768=12496
768,000=640 837 1036 4788
768,683=6105 6594
768p=12449
769=10945
769,000=20654
769,465=9098
769,539=1449
769,874=9702
769.60/773.45=3076
77=79 270 710 1128 1271 1301 1564 2005 2055 2118 2182 2407 2659 2878 2989 3070 3486 3840 4313 4796 5178 5388 5464 5556 5570 5647 5702 5703 5744 5887 6023 6601 6796 7003 7811 9160 9437 10119 10430 10584 10925 11169 11262 11528 11575 11685 12649 12705 13489 13854 14100 14102 14324 14448 14728 14730 16089 16097 16713 16842 16893 16915 17450 17837 17863 18298 18359 18436 18684 18926 19419 19617 20046 20189 20215 20386 20443 20476 20768 20811 20986 21145 21259 21489
77,000=10973 11071 11690 16080 16848
77,120=6995
77,400=2227 3317
77,804=2167
77,879=6242
77,971,000=5055
77-1/2=1373 1408
77-1/4=7925
77-3/8=3142 7722
77-acre=11991
77-day=13264 13298 13322
77-year-old=10063
77.0=7914 10393 16840
77.00=3535
77.08=15906
77.1=3569 20596
77.17=19562
77.1971/3517=13324
77.2=5388 15871 20564
77.3=2960 4805 5128 11700 15875 19626
77.33=18858 18902
77.4=27 5941 8668 20170 20354
77.5=13323 13637 16937 17173 17561 17565
77.50=14136
77.6=860 1677 1734 5482 6840 10632 12616 16163 20475
77.60=10754
77.7=3480 13064 20213 20255
77.72=4302
77.8=6787 11030 15079 16099 20278
77.9=456 3505 8745 20181
77.92=15488
77.95=7923
77.98=7674
770=5793 6322 6448 7357 8449 16775
770,000=8176
770.76=15906
771=18798
771,000=5682 18769
771,373=14275
772=4050
772,285=21034
772,703=4378
772.0=16415
772.1=15871
772.14=15906
773,000=5723 6771 16800
773,090=5354
773,400=10601
773,729=2561
773.05/776.92=3076
773.8=20708
774,000=10254
774,002=1861
774,704=2172
774.0=13803
774.7=3760
7743=14474
775=2695 6605 8511 11864
775,000=2363 3928 4096 7308 8716 16371 16816 21208
775,868=14985
775.9=19038
7750=13608
776,000=699 705 11443
776.0=126 12885
776.6=10218
777=8595 9206 9706 16222
777,000=8477 11307 14572 18003 19619 20984
777,667=9652
777.00/780.89=11944
777.3=5700
777.5=6335
777a=13967
778=4938
778,000=1585 5680 21406
778,197=1494
778.8=14092
778.9=15413
779=82 13967
779,981=4194
779.746=14664
77th=19556
78=671 837 1059 1191 1229 1245 1373 1408 1585 1734 2089 2929 3094 3270 3517 3672 3925 4332 5107 5188 5475 5951 6081 6799 8935 9047 9185 9543 9634 10235 10411 10870 10925 11137 11912 12167 12233 13115 14448 14998 15447 15641 15680 15782 15824 16158 16273 16380 16424 17024 17037 17331 18352 18588 19153 19419 19846 20257 20392 20569 20689 20822 20885 20975 21215 21327
78,000=1160 1176 11106 12306 15130 20968
78,038=6211
78,078=4328
78,200,000=20680
78,246=1633
78,369,000=2266
78,375=5465
78,415=652
78,456=18832
78,457=16248
78,508=1599
78,537=5496
78,546=285 4643
78,600=2172
78,711=6951
78,755,000=20129
78,999,000=20129
78-1/2=13683
78-1/4=7391
78-7/8=19897
78.0=14483
78.00=14136 19294
78.02=17440
78.1=1343 10500 15762
78.10=3314 15863
78.2=6901 8668 8976 20252 20363
78.3=2887 10393 11859 14732 16545 17450
78.32=4610
78.4=822 6349
78.45=6897
78.5=15886
78.50=14136
78.6=4569 15871
78.7=10235 10393 11007 11030 14998 17345
78.8=7074 14960 15180 17173 17474 20252
78.84=11220
78.9=5485 20412 20475 20586 20650
78.91p=15380
78.92=15906
78.93=2149 2203
78.94=15906
780=1338 2062 2269 6618 11080 11882
780,000=2316 4145 8036
780,300=17872
780,712=9115
780.00/783.90=11944 12522
780.2=2906
780p=12449
781=13588
781,000=6298 15667
781.6=19164
781.95/785.86=12877
782=3396 4938 8314 16443
782,000=10928 14983
782.50/786.41=12522 12877
7820=8551
783,000=10431 10440
783,564=1283
783.4=15871
783.7=644
783.8=2906
783.9=10649
78312=20002
784=8553 8850 11075
784,000=998 6680 6783 9273 11132 20973
784,088=16266
784,350=16447
784.35/788.27=13919
784.4=19493
784.50/788.42=13919
785=1 3371 10710 13687 16246 16264 20241
785,000=1080 1188 10023 10998 12423 12790 14646 14885 14923 15394 17330
785,800=9756
785.3=20546
7850=14136
785p=16145
786=1583 5765
786,000=7078
786,800=19880
786.0=13803
786.06=10718
786.50=13588
787,000=2304 3801 5327 11689
787,117=3557
787,738=9097
787.9=15094
787b=13967
788=3579 3630 9178 15530
788,000=6274 11475 20388 20930 20943
788,042=8300
788,099=6018
788,220=4820
788.0=15871
788.2=2906
788.73=7541
789=4644 12257 14612 14734 16870
789,000=621
789,300=4337
789.54=20021
79=202 303 331 2101 2437 2478 4608 4892 5316 5748 5827 6476 7075 7577 8712 8839 8986 9143 9556 9940 10404 10996 11061 11115 11132 11711 11722 11967 12352 12928 14444 15307 15347 15691 15762 15864 16112 16238 16313 16428 16501 16587 16600 17023 18573 18769 18891 19767 19930 19933 20168 20174 20268 20292 20896 21017 21148 21188 21260
79,000=3672 3801 3898 4504 10165 10785 12423 12790
79,014=228
79,069=13032
79,100=15858
79,249=12922 13216
79,250=7308 8604 17140 17330 17346
79,300=3317
79,395=12077
79,448=228
79,499=5818
79,516,753=15960
79,778=3872
79,784=4381
79,800,000=20680
79,830,000=7112
79-1/2=7082
79-1/4=3527 4443
79-1/8=1682
79-3/8=16352
79-7/8=8349
79-85=12908 13875
79.00=13980 14136
79.08=6948
79.1=1428 1644 5235
79.2=4149 10953 14276
79.3=4081 4092 10544 11359 14276
79.30=7544
79.31=7674
79.32=19322
79.33=15906
79.4=5485 20132 20346
79.41=6386 6897
79.42=7674
79.47=19322
79.5=4814 5485 8826 17900
79.6=1134 2907 5485 15387 15396 16375
79.64=15914
79.69=15906 21388
79.7=1343 5485 16927
79.75=18767
79.76=13347
79.8=5485 11850 16136 16986 20689 21106
79.9=4494 5485 18052 18204 20166
79.91=17887
79.92=7775
79.95=19195
79.97=19294
790=685 1583 8872 8874 9046 9406 10445 13967 14920
790,000=145 3755 8970 19986 20443
790,874=14970
790.00=16194
791=2428 5222 14477
791,000=9339 20176
791.0=15871
791.6=9741
791.8=15619
792=5767 15742
792,000=5050
792.71=15391
793=2415 7588 9160 14457
793,000=2807
793,459=535
793,700=2252
793,740=15496
793.3=10532
793.6=16476 16496
793.64=15906
794=10045
794,000=3669 7133 7331
794,711=6105 6594
794.3=10393
795=15066
795,000=9333
795,009=15984
795,522=11336
795.8=2055
796,413=4229
796,613=1177
796.24=7541
796.33=15906
796.4=1466
796.8604=885 11778
797,000=6523 20558
797,932=3557
797.2=20894
797.3=7838
798=10435
798,000=1642 11452
798,289=9652
798.1=20365
798.9=6466
799=5907 16615
799,000=9113 19633 19639 20657
799,128=8654
799,864=13093
7:20=18415
7:30=18415
7j7=14961
7p=5219 13576
8=254 677 716 807 844 989 1086 1089 1342 1553 2245 2259 2526 2610 2753 3698 3732 4523 4562 4574 4682 4720 4783 5208 5560 5887 6404 6652 6999 7158 7203 7246 7469 7520 7746 8065 8076 8092 8148 8306 8416 8423 8516 8561 8784 8799 8808 9065 9281 9538 9613 9679 10110 10125 10251 10716 10818 11098 11135 11194 11329 11400 11482 11580 11649 11828 11936 12239 12269 12444 12446 12462 12482 12525 12701 12924 12954 12998 13095 13413 13526 13660 13919 14444 14629 14716 14841 15077 15470 15549 15568 15726 15875 15894 15902 15917 15935 15940 15951 15952 15953 15987 16074 16077 16162 16163 16216 16220 16321 16412 16874 16908 17054 17248 17280 17306 17456 17862 17871 18007 18140 18273 18360 18379 18576 18590 19028 19218 19351 19536 19552 19567 19760 19925 20426 21006 21319 21359 21469
8,000=1081 1202 1539 3124 3655 4357 4512 4896 5640 6625 7753 8036 10616 10734 10773 11886 12442 12484 12770 12980 13269 13884 14133 16891 17132 17398 17707 17955 17981 18657 18676 19277 19466 19498 19816 21020
8,000,000=20728
8,000-10,000=14491 15097
8,004=4695
8,006,000=9235
8,008,763=6084
8,012,000=2478
8,013,000=11320 11633
8,027,065=1438
8,030,000=3958
8,031,000=1314 21103
8,032,798=12035
8,034,223=6084
8,035,326=9896 9970
8,036,000=1528
8,037,000=164
8,038,000=20494
8,045,493=10601
8,049,000=1523
8,050=12557
8,052,000=7476
8,053,181=21393
8,059,000=640
8,067,000=15027
8,084,000=5359 5366 5565
8,086,000=14103
8,094,000=10023
8,095=17483
8,096,000=3768
8,097,000=3626
8,100=2768 3901 14010 15798 15871
8,100,000=14981
8,101,000=5415
8,105,000=10987
8,105,462=20251
8,109,000=21237
8,110=8015
8,114,000=16202
8,117,095=11896
8,120,000=5890 5948
8,121,000=20118
8,129,000=14960 15180
8,131,000=7092
8,134,313=21036
8,136,160=6288
8,139,000=20488
8,140=17731
8,141,150=1607
8,142,000=490
8,146,000=9267
8,148,000=10165
8,152,478=18158
8,157,864=14393
8,158,000=530
8,160,000=17574
8,161,000=20279
8,164,000=14971
8,167,401=6306
8,168,000=10037
8,174,652=5931
8,176,000=16380 20658
8,177,000=8289
8,179,000=18601
8,180,000=21211
8,181=2765
8,182,500=20645
8,186,000=16202
8,191,266=855
8,192,000=16719
8,193,455=11588
8,199,000=7388
8,200=3901 9327
8,202,000=6859
8,206,000=8236
8,208,000=624
8,208,033=20600
8,213,449=2752
8,219,000=7096
8,220,797=20600
8,221,549=20381
8,225,052=4920
8,225,999=13116
8,226,577=3713
8,227,000=21474
8,231,000=1528
8,232,000=18326
8,241,463=21034
8,242,525=15784
8,249,000=20711
8,250=10519
8,250,000=19423
8,250,003=5051
8,250,222=10053
8,251,136=1449
8,252,000=2254
8,253=15875
8,257,000=7734
8,265,000=19887 19928
8,265,541=6179
8,270,947=1655
8,273,000=20593
8,273,913=6211
8,277,000=21354
8,279,665=10867
8,282,480=10601
8,285=12401
8,286,000=7113
8,290,000=15205
8,294,000=10598
8,300=912 948 13026
8,300,000=8455 11359 20455
8,301,000=20476
8,302,000=7880
8,308,000=1198
8,309,000=20836
8,310,000=12231
8,312,000=4788
8,317,933=21034
8,322,245=16664
8,327,000=20837
8,328=5210
8,329,492=11034
8,332.1=15871
8,333,000=8893
8,334,000=2562
8,344,000=5994
8,349,000=9372
8,363,000=13656
8,367,000=8337 14525
8,371,000=6186
8,375=9355
8,377,000=8893
8,387,802=9097
8,400=4489
8,400,000=10430 18837
8,402=4436
8,403,000=16888 19865
8,403,562=3994
8,405,000=2335
8,408,000=2658
8,412,822=8488
8,413,000=7790 21218
8,430,000=3721
8,434=16671
8,437,000=19304
8,441,000=9364 9405
8,447,000=21022
8,450=6667
8,451,578=9097
8,458,000=13119 19304
8,459,000=1205
8,459,182=21214
8,462=19065
8,462,000=1607
8,464,000=14646
8,469,476=20927 21214
8,469.5=10519
8,474=4637
8,480=9462
8,486,590=20490
8,492.1=1912
8,495=12496
8,500=1942 3592 11893 16402 17358 18043 18277 19380
8,500,000=6865 12529 16832 20768
8,504,918=7714
8,507=3592
8,507,000=16888
8,510,000=16885 16886
8,510,004=12255
8,511,000=16454
8,515,000=2806
8,515,539=15144
8,517,000=9364 9405
8,519,677=1137
8,520,000=7462
8,525=17354
8,526,00=20401
8,526,000=21254
8,530,000=11053
8,531=3592
8,536,000=6104 6113
8,539,000=11132
8,545,000=6859 20548
8,547,000=19304
8,548=3592
8,548,000=20639
8,549,182=20927
8,551,000=19644 19674
8,552=8633
8,553,000=19644 19674
8,558=1876
8,559.8=15871
8,566,000=5493
8,567,000=19304
8,570,000=3545 6293
8,574,000=19231
8,577,853=3676 4239 4292
8,579,000=16801
8,584=9400
8,592=13406
8,598,198=20490
8,600,000=10114 11677 14948 16523 20269
8,603,000=12631
8,610,068=1364
8,612,000=408
8,614,000=1846
8,615,439=12674
8,616,000=20446
8,617,000=11622
8,626,000=2708
8,627=13687
8,632,800=20527
8,635,000=15065
8,637,000=5464 10089 10459
8,641,000=5632
8,645=3015
8,645,289=6323
8,647=12023
8,648,000=16030
8,649,000=20473
8,655,000=20473
8,660,000=12562
8,663,000=17032
8,664,000=3994
8,671,000=20499
8,680,000=12034
8,684.8=15871
8,685,000=19304
8,689,008=1438
8,693,000=14971
8,695,000=20119
8,696,000=5013
8,697,589=16715
8,699,000=21416
8,700=12332 14611
8,700,000=15479 20291 20671
8,705,000=8581 14540
8,707,000=21114
8,710,000=2757
8,719,000=20498
8,721,000=8776
8,724,000=16337
8,727,242=18158
8,736,000=8296
8,743,000=6504 18699
8,745,132=9896 9970
8,748,000=8860
8,750,024=4288
8,751,000=20567
8,753,000=16478
8,758,000=12115
8,781,000=5050
8,785,000=21453
8,785,918=6211
8,787,000=8291 8559
8,787,977=8577
8,791,000=19803
8,793,000=7455
8,797=11885
8,800=7536 7630 14163
8,800,000=1137 15592 15800
8,801,000=2504
8,804,397=11505
8,804,899=2026
8,806=8821
8,807,000=8742
8,807,709=8577
8,808,323=8488
8,809,000=6041
8,811,000=1872
8,811,142=1366
8,812,432=2820 2834
8,817=8883
8,821,000=12631
8,824,000=12204 12207
8,829=10279
8,834,000=10963
8,835,285=19609
8,839,695=15909
8,840,000=13119
8,843,000=41
8,846,627=12704
8,848=2019
8,848,000=21114
8,850,000=8320
8,850,656=8767
8,857,807=21393
8,862,000=11667
8,863,000=1138 15669
8,863,945=8767
8,864,000=10083
8,866=5345
8,866,000=9287
8,868,000=9333
8,869,000=16380
8,870,035=12516
8,871,000=17753
8,871,874=151
8,872,000=773
8,873,000=16284
8,875,000=1558 18816
8,877=15875
8,877,000=2433
8,881,825=20814
8,889,000=3545 6293
8,894,000=10027 10040
8,900=4303 10951
8,900,000=6005 6047 21195
8,903,000=5632
8,907,000=21238
8,909,000=9669
8,910,000=20807
8,912,000=17967
8,917,000=21474
8,919,000=530
8,926,000=9610
8,926,909=5566
8,928,000=2005
8,929,000=15515 19644
8,932,000=2558
8,934=1225
8,936,000=20972
8,937,000=1643 2092
8,939,390=6288
8,939,955=3697
8,941,000=3895 11877
8,947,000=20455
8,948,000=20455
8,954,000=4216
8,954,904=11896
8,955,000=20972
8,958,100=8767
8,963,000=20972
8,963,097=13165
8,966,000=2335 21222
8,967,719=8767
8,972,000=619
8,973,143=20140
8,974,000=20972
8,974,355=12154
8,977,000=3569
8,982,754=2026
8,987,000=16808
8,991,000=3543
8,991,184=12154
8,994,000=4155
8-1/2=716 989 1163 1349 1402 3068 3539 4112 4309 4471 4602 4932 5590 5824 5855 7118 7175 7575 8042 8505 8988 9082 9750 9775 9999 11194 11786 11901 12026 12930 13183 13921 13924 14700 14934 15622 16565 16612 17952 19028 19231 19349 19961 20758 20966 21062
8-1/3=531
8-1/4=148 716 989 1349 1844 3623 4271 4557 4838 7081 7241 7257 7503 12259 12694 13881 14008 14208 14242 16238 17536 17969 18474 18886 19301 19833
8-1/8=812 1056 1383 9291 9730 17024 17611
8-1/8s=17611
8-10=1807 15373 15795 17070 17216 17277 17750 17953 17980 18104 18278 21367
8-11=14685 17803
8-12=13465
8-15=15642
8-16=10305 13094
8-25=20723
8-3/4=325 841 931 1086 1089 1802 1844 1967 2498 2697 3068 3111 3220 3470 3522 3536 3762 4994 5311 6545 6676 8484 8505 8988 9931 11194 11590 13071 14242 15293 16612 17476 17623 17908 17917 17944 17945 18453
8-3/8=1352 1400 1800 1967 9467 11332 11719 12198 20472
8-3/8s=20472
8-5/8=161 841 3263 4994 5311 5990 6692 7666 9384 17024
8-7/8=1844 2412 6664 8375 18584
8-9=8415 8933 13275
8-dlr-a-share=17839
8-k=2884 4800 4969 5004 5377
8-megahertz=12496
8-mm=6376
8.0=296 899 1112 1582 1734 1962 2513 2843 3036 3456 3933 3942 4934 5458 8386 8474 9472 9521 9706 10289 10349 10407 10494 10609 10610 10928 11227 11331 11356 11773 11795 12843 12937 13803 14657 15421 15949 17785 18463 19827 20138 20225
8.0-billion-dlr-a-year=7927
8.00=393 3314 4692 5214 11083 12639 14190 15863 15910 18986
8.017=9732
8.023=19869
8.03=4644 17223
8.04=16725
8.05=4123 5840 6935 12275
8.06=10157 10297 10376 21113
8.061=1750
8.08=15877 15910
8.0p=6349
8.1=2513 2843 3661 4223 5214 5225 5429 5508 6217 6619 6816 6893 7469 8336 8723 9841 10908 12239 12664 13216 13220 13993 14207 14849 14891 16248 16370 16760 17018 18008 19029 19030 19138 19617 21142 21381
8.10=4898 6448 7102 9187 13331 15108
8.11=5214 13255
8.12=13331 17901
8.13=678 8786 11016 18781
8.14=10297 10341 10355 10376 10455 10688 10905 14109 17223
8.14920=14664
8.15=16937
8.16=2973 3048 4034 4037 4126 4947 5137 5143 5268 7022 9583 12113 17190
8.16-billion-dlr=3940
8.17=1108 2179 5110
8.18=6202 8063 9291
