1995=233 282 784 1021 1219 1409 2258 3004 3027 3260 4688 4756 4968 5014 5796 5813 6019 6329 6606 6722 6746 7534 7553 7959 8035 8084 8601 9440 10157 10251 10355 10396 10562 11273 11448 11799 12367 12482 13798 14208 14851 14999 15100 15213 15350 15390 15813 15939 17611 18240 19391 19393 19509 19526 19705 21115
1996=84 233 468 784 1383 1753 1804 3004 3915 3974 4849 5023 5252 5813 7847 9136 9245 9540 10217 11530 12548 12925 13411 13446 14708 14870 14909 15390 15398 15511 16612 16879 17471 17992 18015 19273 20472 20853 21379
1997=35 154 278 568 716 812 917 931 989 1056 1136 1141 1267 1349 1352 1400 1515 1578 1800 1958 1992 2161 2373 2470 2526 2527 2625 2689 2904 3111 3116 3147 3148 3470 3522 3628 3664 3762 3842 3923 3943 4018 4073 4222 4271 4557 4667 4706 4838 4855 4857 4932 5311 5370 5374 5424 5760 5927 6178 6180 6469 6545 6651 6775 6895 6949 7361 7575 7666 7727 7827 8035 8146 8375 8505 8622 8648 8659 8682 8711 8780 8786 8805 8871 8988 9291 9350 9447 9452 9467 9569 9670 9765 9802 9889 9999 10433 10448 10468 10526 10732 10764 10933 11319 11466 11719 11782 11975 12111 12444 12499 12677 13013 13030 13410 13411 13434 13571 13659 13895 14797 14871 14902 15155 15168 15293 15377 16027 16131 16254 16325 16409 16477 16696 16768 17476 18021 18025 18200 18453 18580 18582 18586 18936 19184 19231 19252 19349 19698 19833 20831
1997.=7575
1997.5=7056
1998=161 1031 1802 2498 3148 3171 4018 4309 4464 4864 4994 5041 5424 7473 8248 8484 9480 9601 9931 10051 13076 13659 16697 17635 19801 21374
1998/2002=11448
1999=84 115 917 997 1818 1958 2258 2423 2527 2860 2874 3148 5424 6207 6663 6753 6768 7246 7371 7458 7756 8014 8035 8242 8561 8853 9384 9670 9696 9843 10432 10933 11089 11129 11483 11680 11741 11919 11922 11942 12108 12367 12444 12896 12925 13071 16131 16254 16358 16509 16686 16855 16927 17730 17858 18230 18587 19204 19971 21072
1999-2000=4291
19p=8668
19th=2765 8076
1a=8444
1b=5790
1c=5790
1c's=5790
1d=5790
1mb=12496
1mth=13465
1o=13494 13537
1p=8632 13993
1st=579 606 620 1111 1176 1314 1460 1461 1528 1655 2309 2335 2806 3669 4012 4184 4358 4914 4930 5048 5297 5313 5314 5367 5415 5426 5573 5600 5931 6529 6672 7079 7190 7620 7634 7841 7870 8448 8767 8826 8893 9317 9333 9405 9427 9818 9860 10140 11981 12341 12659 13900 14180 14324 14954 14970 15189 15667 15669 16013 16206 16246 16283 16342 16347 16483 16797 16801 16802 16803 16807 16808 16848 17965 17967 17972 18120 18829 18830 19742 20135 20488 20567 21194 21221
2=221 229 296 329 381 415 427 906 1014 1112 1141 1312 1397 1456 1475 1546 1667 1684 1909 1921 1943 1967 1973 1976 2121 2170 2200 2224 2453 2697 2762 2785 2802 2862 2889 3002 3018 3068 3077 3145 3239 3256 3418 3606 3815 3936 3948 3991 4068 4103 4119 4131 4285 4349 4425 4544 4613 4643 4673 4858 5139 5177 5232 5277 5286 5424 5757 5961 6189 6237 6377 6393 6419 6446 6472 6667 6931 7124 7369 7412 7485 7601 7741 7794 8074 8092 8168 8234 8463 8770 9023 9136 9158 9245 9275 9416 9616 9725 9730 9759 9828 9914 10318 10618 10711 10810 10829 10902 10905 10949 11195 11244 11319 11451 11490 11694 11703 11827 11936 11944 11970 12081 12134 12243 12297 12746 12767 12820 13035 13125 13167 13182 13221 13326 13623 13659 13683 13806 13814 13828 13915 14131 14206 14246 14360 14370 14432 14518 14520 14555 14578 14599 14664 14921 15097 15253 15254 15369 15375 15434 15452 15539 15568 15710 15726 15836 15856 15871 15875 15890 15975 15999 16119 16412 16677 17083 17295 17299 17315 17424 17446 17463 17482 17859 17872 17911 18152 18155 18205 18278 18415 18460 18628 18650 18657 18730 18796 18828 18846 18971 18997 19040 19059 19137 19450 19544 19725 19836 19946 20053 20458 20465 20723 20819 20931 20985 21357
2*p_1ya=13322
2,000=285 1899 1979 2008 2018 2094 2372 2618 3430 3515 3849 4086 4502 4605 4917 5244 5542 5570 5813 6179 6338 6656 6722 6985 7126 7538 7566 7890 8015 8360 8445 8792 9126 10089 10131 10169 10459 10728 10729 11052 11084 11215 11223 11878 11885 12243 12484 12710 12937 13038 13184 13259 13583 13651 13692 13725 14086 14106 14140 14266 14289 14635 14824 15045 15218 15408 15456 15905 16157 16491 16506 16749 16804 16868 17365 17429 17438 17516 18501 18507 19032 19061 19392 19432 19471 19715 19717
2,000,000=9009 10853 18708 21324
2,000,565=7192
2,000,732=528
2,000-cc-engine=287
2,000-mile=15325
2,000/2,000=15728
2,000/750=15727
2,001,000=5422 9273 9961 19862
2,001,107=12570
2,002,000=18870
2,002,261=6620 15233
2,002.5=10861
2,003,000=7462 16311 16490
2,003,661=3557
2,005,000=6146
2,006,000=2645
2,007=15875
2,007,000=20601 20894
2,007.9=15871
2,008=3564
2,008,000=11929
2,008,103=6288
2,009,956=20736
2,010,972=2887
2,011,195=19369
2,011,754=13116
2,011,924=15221
2,012,000=6759
2,012,093=10021
2,012,148=822
2,015,000=6420
2,015,953=4541
2,018=2019 8939
2,018,000=20237
2,019,930=11976
2,019.7=15871
2,020,000=773 6806
2,021,000=2602 11696 17544
2,022,000=17543
2,024,116=2020
2,025,850=17777
2,025.71=15906
2,026,000=5573 17640
2,026,017=10196
2,027=15864
2,028,000=16299 16386
2,028.2=15871
2,028.45=15906
2,030,000=21271
2,030,390=3667
2,031,937=21042
2,033,000=5407
2,033,425=4814
2,033,457=646
2,033,733=18197
2,033,750=6078
2,033,881=16376
2,034,000=5493
2,035=5610
2,035,000=4974
2,035,759=7079
2,036,000=859
2,039,000=2112
2,040=17889 18748 18753 19444
2,040,642=12381
2,041,000=6529 9111
2,043,000=20119 20364
2,044,882=12572
2,045/2,070=15471 15481
2,046,00=16655
2,047=8821
2,047,000=15065
2,048,0000=1010
2,050=2559 3559 11767
2,050,000=2209 14963
2,050,911=16797
2,051,000=1258 1260 2112 10499 15189 15348
2,051,178=11980
2,051,648=16801
2,052,000=9235
2,055,000=13615
2,055.38=13350
2,056,000=10083
2,058,000=3545
2,058.3=15871
2,059,400=19713
2,061,000=7190
2,061,102=6138
2,062,000=12110 20502
2,063,000=20438 20888 21028
2,064=1072 1082
2,064,768=9817
2,064.8=15871
2,066,636=20968
2,067.4=15871
2,070,772=15984
2,071,000=1569
2,071,676=5501
2,072,153=12079
2,072,779=17967
2,073,000=9963
2,073,057=15888
2,075,000=169 9961
2,075,260=11687
2,076,000=11879
2,076,620=11893
2,076.1=15871
2,078,000=15145
2,083=4022
2,083,000=21224
2,086,086=21337
2,086,477=11340
2,087=15875
2,087,000=11306
2,087.5=15871
2,088,461=6441
2,089,000=3865 20973
2,090,724=6311
2,090.2=15871
2,091,000=8767 8946
2,092,000=8986
2,093,000=5592
2,094,000=20256
2,095=4064
2,096.3=15871
2,097,000=6227
2,098=1671
2,098,000=7483
2,098,602=11063
2,099=15875
2,099,000=2459 3755
2,099,679=21164
2,100=4009 8434 8872 8874 9956 12660 13095 16010 17434 17911 19512
2,100,000=2276 2654 5431 6612 9973 9981 12487 14981 16043 16234 16711 20137 20372 20768
2,101=17434
2,101,000=9311
2,102,000=6476 7491
2,103,000=1524 17547
2,104,000=7133
2,104,462=16347
2,104,840=2887
2,105,000=21045
2,106,000=606
2,106,462=18648
2,108,000=6681
2,108,080=19790
2,108,805=19667
2,111,000=20176
2,112=2765
2,112,000=859
2,113=15472
2,114,000=9930
2,115,000=6860 6877
2,115,662=5501
2,118,000=6129
2,119,198=822
2,120,000=3874
2,120,027=7302
2,120,908=10908
2,121=12254
2,122,000=2667 8296
2,123,000=5339 12915
2,123,488=6051
2,124,000=1554 4494
2,124,013=11549
2,124,157=20736
2,124,967=11696
2,124,983=11980
2,126,954=10021
2,127,334=12239
2,129=1609
2,129,000=3545
2,129,300=33
2,130=10278 15875
2,131=19492
2,132,000=15189
2,132,073=6181
2,133,000=12869 20373
2,135=19492
2,135,315=2298
2,135,909=3634
2,136,000=538
2,137=5039
2,138,000=5090 5266 7455
2,139,034=15000
2,139,383=15960
2,139,991=11980
2,140=264 344 10332 15875 17516
2,140,673=11036
2,142,118=9839
2,144,000=8275
2,144,317=3740 3742
2,145=12892 13216
2,145,000=3946 16719
2,145,967=4914
2,147,000=21105
2,148,656=13093
2,149=13796
2,149,000=2856 9961
2,150=9181
2,150,000=4888 6227 12353
2,151,000=16385
2,151,130=1610
2,152,000=12666
2,154,000=16342 16480
2,157,895=1449
2,158,000=20340
2,158,664=15601
2,158,709=10600
2,159=15875
2,160=16110
2,160,000=9035 16810
2,160,717=13131
2,161,000=8925 20802
2,164,000=7739 18166
2,165=2186
2,165,000=17788
2,165,300=2551
2,167,000=20771 20838
2,167,631=5976
2,168,000=11684
2,169=12814
2,169,000=21047
2,170,628=13110
2,171,011=7774 15777
2,173,000=5084 6257
2,175,046=12674
2,176,000=8457 8580 8899
2,176,925=4765
2,177,553=201
2,178,000=1729
2,179=8821
2,179,000=6130
2,180=15905
2,180,000=5316
2,180,608=6463 6928 14504
2,181,000=7388
2,181,082=13119
2,181.5=8475
2,183=15953
2,183,000=20364
2,183,150=17967
2,184,000=7048
2,186,000=12903
2,188,678=6257
2,188,933=27
2,189=9903
2,189,000=10974 20473 20606
2,191=3898
2,191,000=4476 21352
2,193,000=4189 4214
2,194,000=12569 13122
2,194,242=11305
2,194,482=15259
2,194,970=14988
2,195=16771
2,195,000=5968
2,198,000=773
2,198,469=4313
2,199,000=3768
2,199,238=15981
2,200=367 4133 8015 8566 9899 13101 13107 15218
2,200,000=2856 4258 4438 9618 10960 16801 17965 20371 20768
2,200-teu=1902
2,203,462=6138
2,204=5454
2,204,832=5673
2,205=13095
2,206,000=20883
2,206,017=11980
2,211,000=7078 12715 21255
2,212,000=3543
2,212,281=20606
2,213=11336
2,216,682=12381
2,219,000=7330 7914
2,219,961=15482
2,220=18430
2,220,000=642
2,220.7=18103
2,222,000=15782
2,222,591=18830
2,223=2765 8246
2,223,000=9839 20586 20650
2,223,996=21404
2,224,000=846
2,226,600=20498
2,227=14343
2,227,000=13 4363
2,228,000=2236 3946
2,229,273=16561
2,232,400=1354
2,234=4436
2,234,049=12254
2,234,768=9839
2,236,471=1229
2,238=16671
2,238,000=4504
2,239=5744
2,239,349=16022
2,240=3003 13796
2,240,000=2058 4476 18896
2,241,000=7115
2,242,000=2562
2,243,377=8027
2,244,000=15896
2,245,000=4155
2,246,000=5582 5583
2,247,374=3667
2,247,513=12381
2,248.8=18103
2,250=4043 13200 13865 17443
2,250,000=2304 5390 9063 15169
2,250,781=8394
2,252,246=9566 9611
2,253,000=9973
2,253,664=6147 6240
2,253,742=4521
2,254,000=7462
2,254,533=16912
2,255,000=18616 19887 19928
2,255,742=14985
2,256,000=16377 20983 21244
2,257,000=10254 12562
2,257.8=13803
2,258,000=16221
2,258,206=20493
2,258,216=5743
2,258,341=201
2,266,000=2353 2386 9427 16812
2,267,000=9339 13615 20255
2,267,900,000=6557
2,269,000=7078
2,272,000=21219
2,273=6888
2,273,000=3801 3870
2,273.4=13803
2,274,000=581 7048
2,275,000=780 12031
2,276,000=1461 6017 8001
2,278,083=3785
2,278,642=21036
2,278,842=6042
2,280,000=642 15797
2,281,000=5095 9995 21103
2,283,000=20658
2,283,811=3909
2,285,000=13 1765 11700
2,286,000=5266
2,287,000=17547
2,287,179=3676 4239 4292
2,288,000=18875
2,289,000=3059 16817
2,289,762=15704
2,289,925=18830
2,29=5890
2,291,210=11029
2,291,925=20712
2,292,000=20586 20650
2,292,599=3039 9971
2,292,972=1449
2,293,000=11302
2,293.4=15871
2,295=12496
2,295,000=9596 11401 11899 16486
2,295,230=13119
2,295,359=15704
2,296,192=19427
2,297,000=9072
2,297,842=16810
2,299,000=6496
2,299,764=4216
2,300=857 3901 4101 8009 10259 17321 20093
2,300,000=1602 4930 9263 9884 10790 17965 20497
2,300-mile-long=11385
2,301,000=6433
2,302,278=21042
2,303,000=2645 5991
2,303,936=11561
2,305,700=21460
2,305.1=15917
2,306,697=20968
2,309,000=11879
2,309,181=9270
2,309,700=16427
2,309,979=5931
2,310,200=7048
2,312,000=603 731 3868 7455 16319
2,313=3132
2,313,000=1765 5128
2,314,000=187 20984
2,315,000=9486
2,316,940=8975
2,317,000=2273 6680
2,318,00=621
2,319,000=18152
2,319,376=533
2,322=7842
2,322,000=1251
2,323,000=1285 5744
2,323,500=8742
2,323.5=15871
2,324,000=12705 21238
2,325=1
2,325,000=6298
2,326,000=18283
2,326,667=16810
2,327,000=20770
2,328,368=15960
2,328,515=12674
2,329,329=19369
2,330,000=24 2316 20931
2,330,866=20606
2,332,397=38
2,333,000=16432
2,334=15953
2,334,528=15611
2,334.67=10278
2,335,000=9961 16804
2,336,000=1191 1602 9961
2,337,000=11407 21283
2,338,286=20976
2,341,818=6549
2,342,322=21100
2,344,000=20947
2,344,200=2720
2,345,000=2212
2,345,261=778
2,346,000=13119
2,348=8859
2,348,559=6051
2,350=10278 10396
2,350,000=7495 8804
2,351,000=9486
2,355=14329
2,355,000=9486
2,355/2,360=13495
2,356,000=9961
2,358,000=15028 18601
2,359,000=18616 20357
2,359,722=6141
2,359,978=2877
2,360=14329
2,360,000=20237
2,360,048=2101
2,360,220=14630
2,362,000=596 15889
2,362,616=9876
2,363=21034
2,363,000=21455
2,364=7126
2,364,000=1200 6850
2,364,280=6257
2,365=13720
2,365,000=6325
2,367=16771
2,368,000=5018 21193
2,368,253=18931
2,369,000=484
2,369,799=8975
2,369,949=6138
2,370=13720 14329
2,370,000=21203
2,371,000=5682
2,372,457=1033
2,373,358=2488
2,374=8108
2,374,000=1084 1122 4404
2,375=1
2,375,000=7444
2,375,844=6105 6594
2,376,000=10974
2,376,604=8407
2,378,000=18166
2,379,400=15221
2,380=1
2,381,000=6495 6540
2,382,000=6540
2,383,000=12569
2,387.50=18430
2,388,000=3543
2,389,000=605 2806 18875
2,390,000=11649
2,391,000=10538
2,391,638=610
2,392,000=5532
2,393,000=11690 14324
2,393,622=5317 5543
2,394=4695 12979
2,394,198=9312
2,395,000=18326
2,396,000=7113
2,399=8108
2,400=1 3901 5882 6238 8901 8990 9236 9903 10639 13636 14419 14647 15860 15975 16570 16958 19549 19585
2,400,000=2177 2757 3730 6591 11962 15205 15729 20395
2,400-x=15871
2,401,518=12098
2,401.71=19490
2,403,481=6279
2,404.64=19490
2,405,000=6609
2,407,000=14324
2,407,186=3954
2,407,334=18830
2,408,000=11354 11395
2,408,332=16810
2,408,766=3633 3908
2,410,000=780 6504 13118 16665
2,413=12700
2,413,000=1872 6138
2,413,407=2101
2,414,500=10917
2,415=15875
2,415,419=20374
2,415,492=12254
2,416=10822
2,416,000=21405
2,417=12224
2,417,000=21047
2,419,203=4914
2,420=12951
2,420,000=5901
2,420,925=18830
2,421,000=2711 10253
2,422,000=8254
2,423,000=3604
2,425=15875
2,425,000=3569
2,426=15953
2,426,000=5682
2,428,000=16719
2,429,200=12484
2,429,563=6524
2,429,576=2561
2,429.83=10718
2,430,100=19713
2,432,000=7465
2,432,179=1229
2,432,256=8935
2,432.7=15871
2,433,000=2028 5950 20583 20672
2,435=1057
2,435,000=15719
2,436,000=15485
2,437,000=1602
2,437,333=21196
2,437,489=8340
2,437,914=483 783
2,438,000=6129
2,439,000=16385
2,440,083=5317 5543
2,440,100=5317 5543
2,440,850=8027
2,440.7=15871
2,441,000=2409 7953
2,442,000=11713 20278
2,442,221=15611
2,443,810=8394
2,444,000=15851
2,444,260=12254
2,444,591=20974
2,445,000=10404 16342 16480
2,445,423=9652
2,446,000=20735
2,446,100=734
2,446,901=7193
2,447,000=18829
2,448,000=3721 11499
2,448.0=8475
2,449,094=21192
2,450=15471 15481
2,450,598=3993
2,451,000=14145
2,452,171=20974
2,452,3000=534
2,452,420=16347
2,453,520=16551
2,454=8579
2,454,000=1285 3602 9834 12507
2,454,521=11878
2,455,000=10883 20388 20930 20943
2,455.5=12728
2,456,616=10185
2,460,000=10897 10946 14180
2,461,906=12681
2,462,000=4788
2,463,000=573 728
2,463,214=10099
2,464,000=5565
2,464.6=15871
2,465,996=10027
2,466=12728
2,466,000=3895 8879
2,466,0000=780
2,467,000=449 11700
2,467,970=17140
2,468,000=15729
2,468,605=5976
2,468,964=16551
2,470,000=488 14145 21175
2,472,000=20654
2,472,532=6257
2,472,582=12914
2,472,676=4307
2,474,357=5367
2,474,820=11308
2,475,436=13116
2,475,739=12914
2,475,943=6729
2,476,000=7953 14960 15180
2,476,068=10196
2,477=4550
2,477,000=7070
2,479=4550
2,480,000=9280 12507 15485
2,481,784=11305
2,482,197=10185
2,483,000=16365
2,484,000=12957
2,484,100=17848
2,485=15809
2,485,510=7469
2,486=4064
2,487,000=2518 17660 20779
2,487,439=11588
2,488,000=15719
2,489,978=399
2,490,262=11683
2,492,000=9486
2,493,000=2048
2,494,000=19474
2,494,900=2456
2,494.049=5076
2,495=1242
2,496,000=5356
2,498,000=2099
2,498,300=17848
2,499,000=16374 16405
2,500=308 959 3928 4022 4096 4456 5445 6215 7367 7478 8015 8713 9890 10141 10151 10470 10711 11223 12021 12284 12319 12415 13573 15024 15373 15795 15900 15961 16870 17026 17817 17820 19127 19543 19589
2,500,000=803 1351 2173 2577 2669 3817 4448 5293 5956 5974 6010 9309 9379 10497 10793 12575 13870 14147 15461 15662 16043 18600 18687 20340 20884 21220 21448
2,500/1,500=12164
2,500/4,000=12164
2,501=1629 1641
2,501,000=17791
2,502,443=399
2,502,868=6181
2,503,000=538
2,503,451=6231
2,505,978=2711
2,506,000=5731 16824
2,506,250=4729
2,507,000=6175 7070 9834
2,509,000=3989
2,509,832=10099
2,510,000=5922 5947
2,511=8015
2,511,000=16339 16342
2,511,200=2227
2,512,000=2234 6771 20658
2,513,200=18652
2,515,000=7359
2,515,400=1401 1465
2,516,000=37 8291 8559
2,517,000=8521
2,517,443=1644
2,520,000=7072 21255
2,521,000=1689 21189
2,521,884=4378
2,522,000=12874
2,522,293=12506 12515
2,523=1218
2,524,000=13708 16655
2,525,000=534 17543
2,525,677=5076
2,526=13134
2,526,000=16454
2,526,425=12484
2,527,720=10185
2,527,846=21234
2,529,000=15459
2,530,000=8521
2,530,273=14954
2,532,000=5492 21283
2,532,959=10923
2,533,000=3295
2,534,000=21022
2,535,000=3900
2,535,435=8691
2,536=13108 13216
2,536,312=3785
2,536,896=15307
2,537,000=4581
2,537,803=2561
2,538,000=10925
2,538,030=6187
2,539,000=17988
2,540=17905
2,540,000=6283 17965
2,541,967=11649
2,542,000=10083
2,543=15875
2,543,000=5072
2,543,285=11977
2,543,366=1449
2,543,711=16551
2,543.8=15871
2,544,000=12079
2,544,271=12255
2,544,531=1366
2,545=12979
2,545,000=2826
2,546,000=15205
2,547,000=2562
2,548=10273
2,548,975=2714
2,550,000=2209
2,550,133=21236
2,550,784=16551
2,552,300=534
2,554,000=21049
2,554.41=1325
2,556.32=6690
2,557,000=4420 16346
2,557.44=9037
2,558,400=20498
2,558,625=21232
2,558,924=14954
2,558.83=11673
2,560=13420 14651
2,560,000=2350 10898 20357
2,562,160=10097
2,563.61=14597
2,564=20363
2,564,000=10110
2,564,102=5760
2,565,000=2350
2,566,000=7107 9606
2,566,680=573 728
2,566,769=5451
2,569,000=167
2,572=16771
2,573,908=16810
2,575=19884
2,575,000=15633
2,575p=971
2,576=15953
2,576,000=18602
2,577=12798
2,577,000=10089 10459
2,578=1702 12023 13576
2,578,887=8294
2,578.41=18274
2,580,000=21105
2,580.0=15871
2,584,000=560 20443
2,585,000=2335
2,585,621=3697
2,587,000=5312 7096
2,588,364=20803
2,589=13414 15860
2,589,045=20803
2,590,000=9925 20421
2,594,474=6107
2,594,574=6172
2,595=3018
2,596,000=5600 5657 21244
2,598,000=7115 9807 11684
2,599,000=9278
2,600=3502 3670 5208 5675 6144 7775 8015 13527 15142 17480 17486 17783 17805 18337 18412 20756
2,600,000=2276 3042 5991 6165 8993 9839 18703 21038
2,601,000=9502 21262
2,602,000=14437 15321 15356 16206 19178
2,602,120=4419
2,602,568=17672
2,603,000=2350
2,603,588=8407
2,604=17905
2,604,000=20118
2,605,000=21322
2,607,900=16427
2,607,977=8890
2,608,083=10427
2,608,571=16441
2,609,000=2316
2,609,313=2337
2,610,000=2350 11713
2,610,913=2337
2,611,000=12613 20640
2,614,000=11713
2,614,224=3676 4239 4292
2,614,225=7048
2,615,140=5610
2,617,090=10923
2,617,528=3557
2,617,768=11308
2,617,995=535 580
2,621,397=10923
2,621,778=6306
2,622,000=3631 16848
2,623,000=10089 10459 20655 20983
2,623,974=6747
2,625,000=6523 12863
2,627,205=20747
2,627,612=5317 5543
2,627,952=10923
2,629,704=18242
2,631=16771
2,631,000=8999
2,631.9=16116
2,632,000=16804
2,633,000=4141
2,634,000=15598
2,635,000=5095
2,635,665=15205
2,637,000=557
2,639.3=15374
2,640=13807 13832
2,640,000=1265 11522
2,640,836=18262
2,641,000=21195
2,642,000=9049
2,646,000=20640
2,646,876=12506 12515
2,648,257=10853
2,649,000=706
2,649,003=14093
2,649,387=18931
2,649,500=7130 11563
2,650=21472
2,650,000=715 2807 9606 12695
2,650.30=11782
2,653,646=399
2,654,000=4766
2,655=9552
2,656,000=2005
2,657,000=21238
2,657.93=10718
2,658,692=3668 4169
2,660,000=14646
2,661,000=12031
2,662,000=9444
2,664,000=6104 6113 14646
2,664,852=13093
2,664,853=18068
2,664.70=13406 14816
2,665,000=2016 2188 2249
2,665,284=399
2,666,000=98
2,666,278=16388
2,668,000=534 15881
2,669,000=21106
2,670=16137 16181
2,672=1629 1641
2,673,000=4892 15145
2,673,141=12098
2,676,000=20771 20838
2,677,000=1638
2,678=2753
2,679=8015
2,684=1218
2,684,089=6848
2,685=9181
2,685,142=15116 15167 15177
2,685,592=11649
2,686=13406
2,688,000=20586
2,690,000=9367
2,690,877=9106
2,691,000=5339
2,692,000=3672 9231
2,692,4=15917
2,692.4=6
2,694,000=3806
2,695,000=17791
2,695,206=10097
2,696,000=20112
2,697=285 4643
2,697,000=13138
2,699=17482
2,699,000=8986 21237
2,700=11251 13585 13691 14692 15975
2,700,000=2846 5975 9251 15031 15512 21469
2,702,085=15482
2,704,000=12364
2,709,600=1354
2,711,000=21287
2,712,000=5359 5366
2,712,614=12255
2,713,912=9914
2,713.81=11782
2,716,000=21037
2,719,205=12520
2,720=2753 9903
2,721.7=12728
2,723,000=20488
2,723,557=4451
2,725,425=5078
2,725,500=6856
2,725,882=10556
2,726.0=15871
2,729,000=5422 10999
2,731,000=20376 20499
2,731,688=15704
2,732,000=11145
2,733=13406
2,733,000=16339 16342 16480
2,734=1481
2,735,000=601
2,738,864=19369
2,741,241=11336
2,741,660=4360
2,742,000=6551
2,742,731=6642
2,742,962=4370
2,743,000=16806
2,744,000=1284 1288
2,744,826=11683
2,745,000=18326
2,745,288=7843
2,748=12951
2,748,280=12022
2,750=1937 7775 16316
2,750,000=1624 3819 5390 16216
2,751=1640
2,751,000=5316 6130 20256
2,754,258=11649
2,756,000=9066
2,756,596=7261
2,757,000=11690
2,757,040=7048
2,757,631=18120
2,760,000=4261 20375
2,763,308=21236
2,763,817=13687
2,764,000=3317 6283
2,764,544=573 728
2,765,000=15126
2,767.4=15871
2,769=16974
2,770,243=11614
2,771,000=2751
2,773,000=15126
2,775,000=20365
2,776,000=9066 20974
2,777,425=2020
2,777,620=6495
2,778,000=1198
2,779,000=1285
2,782,7801=6848
2,783,000=7438
2,785,931=6211
2,787.8=15871
2,788,000=3317
2,789,000=2751 8270
2,791,188=1271 1301
2,791,639=15851
2,793,479=4954
2,793,677=1157
2,794,000=11690 20767 20812 21455
2,794,298=18602
2,795=15875
2,795,820=2590
2,796,848=8027
2,797,000=16911
2,798,000=5105
2,799=2765
2,800=626 630 717 1733 2495 4503 4514 4564 4577 6317 8015 8907 12328 12849 13587 14303 15224 19007 19498 19816
2,800,000=609 1039 3921 7145 9569 13614 14668 14981 17739 19189
2,802,000=5072 20255 21271
2,804,048=12520
2,804,752=6729
2,805,389=2877
2,805,569=12239
2,806,005=2026
2,806,300=10175
2,806,820=6147 6240
2,807,400=12063
2,809,000=20378
2,810,132=5555 5563
2,812,000=19657 19723
2,815=15953
2,815,000=8262
2,816,000=11649
2,817=954
2,817,439=598 620
2,817,616=11649
2,819,000=20601
2,821,000=3867 16911
2,823,000=16297
2,823,243=21034
2,824,611=5552
2,825,370=5890 5948
2,825,600=15856 15999
2,829,300=18223
2,830,390=15595
2,832,000=12562
2,833,000=14963
2,835,000=1188 4142 7495
2,836,508=4337
2,837,000=11630
2,837,288=1080
2,840=12257
2,840,000=6504
2,841,000=6010
2,843=5530
2,843,000=3543
2,843,520=1033
2,844=2765
2,846,000=9425
2,850,000=1229
2,850,042=20493
2,851,000=8292
2,851.4=13162
2,852=9473
2,852,000=8740
2,852,198=1320 1327
2,853,000=7728 7736
2,854=18748 18753
2,855,755=2887
2,855,887=10185
2,855,966=16376
2,855.9=7099
2,856=8821
2,857=16771
2,858,000=11
2,859,000=6787
2,859.6=15871
2,867=20488
2,867,000=4794
2,868,000=21219
2,869,000=1759 1768 15851
2,872,000=6325 16016
2,873,000=20802
2,873,300=10022
2,874,000=14646
2,874,930=6107 6172
2,875=8939
2,877,000=1160 1176
2,879,000=12562
2,880=17471
2,882.6=17091
2,883,000=998 2173
2,883,812=614
2,884,000=4476
2,885,000=2253 2335 4155
2,886,000=5582 5669
2,887,000=12149
2,887,200=4599
2,889,010=20251
2,890,000=3129
2,891,844=16388
2,892,000=20371
2,892,138=5654
2,893.3=18665
2,894,000=5545 20176 20442
2,895,000=20237
2,896,000=10966
2,898=385
2,898,363=848
2,899=367
2,899,189=6211
2,899,513=2479
2,900=1535 8286 8317 11187 19826
2,900,000=680 1645 3141 21256
2,902,000=10870
2,903,000=2092
2,906,000=8236
2,907,000=12715
2,908,770=6138
2,909,000=2539
2,915,000=7092
2,915,077=21178
2,916,128=21257
2,917,000=601 2918
2,918,000=15558
2,918,682=2834
2,919,000=18708 21352
2,920,280=18635
2,921,000=20319
2,921,173=6323
2,921,629=2834
2,922,000=2478 4732
2,925,000=1602 5314 6837 15153
2,925,26=20013
2,925,294=169
2,927,000=19267
2,928,000=20468
2,928,021=8448
2,930=15875
2,930,000=11878
2,930,507=533
2,932,782=18068
2,933,058=20374
2,933,333=18832
2,934,000=8447
2,934,285=3582
2,935,734=10853
2,936=5617 5629
2,936,000=17558
2,936,330=8407
2,939,226=4101
2,939,459=4216
2,939,619=6549
2,940,219=3582
2,942,000=5422 19475
2,943,000=5050
2,944,000=5090 5106 10925
2,945,000=4184 20395
2,945,052=15173
2,950,000=15854
2,951,151=13116
2,952,814=15704
2,952,830=2337
2,954,488=734
2,955,000=11047 20668
2,956.8=13803
2,957,000=11307
2,959,000=7723
2,959,029=9652
2,959,141=7774 15777
2,960,000=4803
2,961,000=3903
2,961,718=598 620
2,963,000=20112 20432
2,964=3703
2,968,000=21135
2,968,437=11111
2,969,000=1364
2,970,000=7841
2,971,000=2099
2,971,144=21209
2,972,000=9267
2,975,000=21075
2,977,000=15062
2,978=1139 1145
2,978,000=19304
2,979,000=20904
2,979,206=10185
2,980,247=169
2,981,000=5994
2,986,000=13 6779
2,986,379=21100
2,986,823=20470
2,987,000=1122
2,988,000=4892 21252
2,990,000=21252
2,990,695=9260
2,991,000=3317
2,993,000=20767 20812
2,995=15526 17336
2,996,903=7261
2,997,800=2000
2,999=17482
2,999,000=19375
2-1/2=59 485 714 1287 1424 1561 2197 2817 2952 3539 3692 3699 4683 4780 6379 6707 6992 7681 8070 8146 8736 9319 9581 9875 10016 10461 10697 10863 11172 11819 12249 12264 12407 12466 12499 14015 14487 14518 14520 14555 15018 15032 15181 15310 15902 16158 16322 16329 18007 18929 19311 19589 20773
2-1/2-for-1=18226
2-1/2s=10461
2-1/4=1424 1705 1978 2799 2952 3606 5463 5813 7014 7326 7834 9281 9319 9456 10080 10116 10810 12445 12446 13231 13261 13453 14015 14246 14920 15835 16588 17191 17776 20076
2-1/5=1264
2-1/8=2768 3250 4007 8839 12181 13473 13481 14208 14609 14897 14920 15402 17994 18788 19891
2-12/4=12162
2-2.75=13465
2-3=14010 14067 14115 14378 14647 14685 14692 14694 15642
2-3/4=1977 1986 2456 8349 10425 12881 13231 14252 14487 14555 17166 17191 18471
2-3/8=9319 9947 10810 10900 15181 17166
2-4=14018 14067 14089 14115 14187 14369 14548 14627
2-5/8=7391 9490 10915 14184 14352 14482
2-7/8=481 1705 6157 19606
2-cv=10777
2-for-1=202 480 861 1391 6721 8974 15141 16360 16492 16910 17833 18767 20814 20822 20937 21017 21165
2-mips=9528
2-unch=14578
2-up=14518
2.=4399
2.0=6 1079 1103 1147 1152 1272 1377 1656 1837 1842 2420 2535 2567 2580 2929 2994 3024 3078 3358 3853 3925 4152 4267 4330 4470 4771 4939 5447 5516 5636 6221 6309 6322 6603 6619 7226 7740 8262 8644 8972 9058 9101 9521 9552 10385 10393 10414 10494 10757 11080 11459 11987 12077 12548 12788 13288 13650 14500 14512 14657 14716 15374 15686 16275 16373 16893 16941 16990 17085 17091 17427 17999 18008 18267 18343 18366 18409 18433 18744 18993 19046 19625 20723 21407
2.0-2.5=15049
2.0/2.5=13487 14372
2.00=2116 3893 4223 9519 11929 13019 13610 13665 13668 13716 13769 14025 14033 14052 14119 14188 14268 14274 14361 14369 14450 14548 14657 14685 14891 15923 20639
2.0013=17308
2.0045=17308
2.01=1132 2518 3762 5110 5475 9702 11884 15149 15538 15701 20206 20344 21055 21281
2.012=16118
2.0130-40=17308
2.016=5835
2.02=986 1269 3968 5643 6935 8597 11214 12266 13690 13791 14310 14675 18459 18572 19053 20180 20189 20337
2.020=16129
2.0280=17308
2.03=1438 1681 2205 5565 6848 7128 9639 11302 13007 14785 17223 18459 20304 20628 20801
2.032=16129
2.038=21381
2.039=5835
2.04=97 5545 6813 7102 8140 11192 14675 15238 15279 15325 20302 20715
2.048=16129
2.05=644 1556 3242 7875 8166 12925 13190 13201 13730 13904 14268 14450 19507 20283 21218 21431
2.05655=12661
2.06=3353 3477 3486 3750 4084 8140 12971 16125 16222 16380 16759 18096 20715
2.060=16129
2.07=164 212 1101 2253 2839 6179 8134 8140 14622 15085 15094 15325 18495 18579 20151
2.072=13255
2.078=18052
2.08=2667 3421 4045 11452 11705 12279 13138 15370 15509
2.084=11711
2.09=925 4777 5225 5765 6787 11208 11966 15554 15921 17490 20538
2.093=18084
2.096=11284
2.0p=3468
2.1=111 137 153 203 209 327 357 432 843 974 1102 1853 1860 1878 1964 2420 2742 2758 3062 3257 3420 4041 4125 4160 4304 4317 4771 5185 5196 5231 5274 5292 5318 5389 5392 5513 5643 5830 5846 5944 6031 6309 6427 6464 6690 6795 7200 7222 7481 7607 7629 7645 7823 7856 7904 7959 8172 8173 8347 8668 8970 8972 9037 9101 9367 9556 9634 9650 10011 10105 10223 10385 11083 11201 11528 12714 12771 13204 13258 13803 14823 14827 14828 14832 15043 15513 15571 15742 16063 16114 16127 16275 16615 16681 16783 16788 16893 17085 17321 17457 17658 18331 18439 18482 18996 19061 19772 19933 20018 20208 20291 20557 20915 21081 21135 21165 21486
2.1-=9607
2.10=97 619 2048 2236 3554 3657 8041 8793 10284 12626 12971 14273 15877 15910 17474 19455 20283 20896 20954
2.108=2213
2.11=274 1080 3414 4089 4205 6298 8764 8995 9177 10284 12031 12255 13690 13791 14675
2.11-3/4=18409
2.1130=14320
2.1147=14320
2.12=313 644 8820 8890 9549 11302 12681 14685 20085
2.124=16118
2.125=18801
2.126=5835
2.13=1285 1556 8022 8829 9386 11279 12521 16044 16139 16174 16256 16257 20249 20463 21275
2.135=16309
2.1381=11835
2.14=289 1026 4132 8521 9124 9177 9707 12031 15211 15468 15554 16775 20249 20257 20463 20646 21259 21298 21325
2.145=10486 11463
2.15=60 175 181 190 348 924 1625 1870 2786 2823 3534 3599 4971 5036 5140 5447 5759 5771 5864 7405 7465 7532 8012 8325 8521 9676 10964 11123 11155 11320 11633 11858 12521 13254 13904 17409 20384 20988 21356
2.158=2213
2.16=164 313 2182 3105 7588 9650 10836 11978 13284 14417 17180 17186 21103
2.17=97 6121 6591 7923 8948 10532 11145 12521 16158 16230 20161 20801 21113
2.172=18361
2.175=4447
2.18=97 2658 3105 3954 4037 4064 4126 6605 7588 10190 10672 10907 12743 14900 15509 17190 20085 20358 20569
2.1875=4572
2.19=3072 4733 4910 5091 6816 8350 17901 19267 20837 21103 21237
2.193=9866
2.2=124 138 273 432 627 761 940 1152 1272 1321 1325 1398 1459 1582 1630 1739 1856 1878 1964 2007 2342 2468 2522 3019 3065 3129 3187 3371 3462 3631 3907 3995 4012 4074 4165 4173 4346 4372 4583 4593 4689 4787 5027 5030 5039 5123 5125 5256 5281 5392 6030 6083 6113 6144 6427 6487 6665 6750 6780 6798 6837 6890 7061 7313 7402 7555 7680 7797 7947 8155 8173 8190 8286 8325 8431 8485 8600 9037 9521 9706 9819 9856 9866 10032 10413 10737 10744 10757 10860 10889 11053 11070 11276 11331 11455 11673 11696 11789 12077 12134 12160 12315 12382 12658 12771 12811 12875 12935 13018 13035 13136 13165 13331 13592 14000 14109 14543 14697 14874 14974 15043 15239 15429 15554 15686 15742 15875 15899 15907 15924 15965 16005 16114 16314 16531 16563 16619 16667 16680 16986 17029 17084 17085 17109 17173 17185 17273 17454 17480 17486 17506 17783 17805 17832 18284 18337 18374 18412 18454 18459 18479 18482 18491 18550 18560 18921 18987 19159 19280 19477 19685 19694 19708 19780 20287 20367 20406 20776 20886 20896 20915 21175
2.2-2.3=17291
2.2-to-1=14921
2.20=183 256 1100 1990 2287 3486 4197 5600 5657 6549 6653 7548 8033 10017 11213 11231 11237 11705 11711 12279 12306 12797 12834 13115 13493 14374 15397 15680 16158 18317 18904 21218 21347 21386
2.21=378 1132 5765 6186 8294 8999 9465 13007 13284 14546 15674 20207 21266
2.22=183 6748 6880 10393 11504 11929 20180 21259 21281 21359 21412
2.23=97 1047 6410 7543 9638 11123 11714 12743 14417 15875 15914 16158 20129 20295 20398 21146 21416
2.24=6668 9610 9639 15680 15841 19326 20286 21453
2.25=179 227 378 563 807 1808 1964 2179 3947 4145 5718 5765 6376 6392 7395 7543 7934 8041 8459 9393 9751 9897 10339 10482 11123 11192 11291 11664 11721 12535 12626 12914 13788 14051 14356 14546 15240 16028 16495 17293 17300 17620 18561 18593 19000 21145 21176
2.250=8004
2.255=1990 19559 19560
2.25p=920 3456 3468
2.26=8271 8277 10730 13255 14675 15189 15923 16125 20302 20517
2.27=1 1100 2662 3777 5110 5437 7752 10272 11898 12059 12353 15326 17062 18096 20233 21176
2.275=496
2.28=1 1010 1369 2253 3344 4082 7904 8022 9707 11084 15914 18563 18614 18973
2.29=861 1284 1288 2521 2985 5948 12743 14732 15397 20299 20475 20538
2.29-dlr=16716
2.3=111 330 432 670 897 974 1023 1178 1390 1438 1726 1932 1968 2260 2420 2567 2580 2750 3019 3065 3298 3352 3432 3639 3884 3912 3981 4081 4084 4092 4094 4969 5004 5196 5523 5846 5848 6331 6384 6402 6463 6797 6804 6890 6893 6973 7001 7036 7437 7481 7499 7583 7597 8056 8066 8155 8173 8347 8569 8671 8702 8975 9025 9091 9393 9521 9633 10285 10383 10394 10676 10737 10759 10784 11083 11261 11355 11472 11568 11739 11850 11912 12055 12158 12160 12192 12306 12382 12548 12658 12778 12875 13079 13151 13256 13266 13291 13890 14109 14287 14504 15043 15239 15351 15551 15554 16421 16455 16629 16685 16740 16775 16893 17085 17161 17193 17321 17385 17427 17456 17469 17490 18008 18009 18482 18512 18625 18798 19029 19051 19918 20018 20351 20533 20557 20661 20807 20841 20915
2.30=890 2116 2221 5216 6721 7893 8179 11891 12887 13759 14675 15461 15925 17251 18162 18199 20206 20241 20443 21373
2.30-40=15875
2.31=196 890 6466 8759 12149
2.3125=6122
2.315=18801
2.32=276 3893 6601 7543 9556 15307 15914 15923 15944 15979 17273 20308
2.33=7246 7377 8526 8702 8903 9393 15923 17032 18048 20791 21105 21281
2.330=10715
2.333=4630
2.33983=14664
2.34=5 2674 5767 6447 9475 10275 12395 15925 18285
2.35=861 2527 3148 4048 4093 5228 6605 8692 8699 9373 10349 11504 12917 15307 15923 18048 18495 18531 20085 20395 20628 20931
2.36=2684 15822 16420 20569 21175
2.369=19559 19560
2.37=3946 9475 9707 16569 16635 17223 17923 18541
2.375=16873
2.38=2428 6466 12351 15406 15438 15875 20337 20630 21229
2.39=97 2319 12428 16367 17034 18491 20386
2.4=12 198 229 235 280 833 843 1227 1325 1344 1355 1407 1551 1582 1694 1878 2007 2203 2843 2985 3541 3922 3955 3981 4372 4629 4771 4934 5508 5588 5782 6149 6259 6441 6513 6592 6709 7061 7099 7151 7583 7606 7654 7952 7972 8155 8173 8325 8506 8610 8611 8672 8815 9037 9057 9098 9101 9517 9554 9700 9741 10032 10124 10233 10298 10325 10830 10988 11049 11083 11085 11261 11381 11862 11987 12160 12182 12524 12875 13539 14597 14974 15043 15130 15141 15250 15287 15313 15427 15429 15551 15565 15640 15871 16108 16158 16171 16197 16201 16361 16574 16716 16783 16887 16948 16971 17085 17091 17141 17197 17407 17497 17901 17906 18009 18095 18459 18985 19429 19539 19737 20191 20346 21135 21165 21260
2.40=5 1369 2357 2662 3344 4089 6406 10172 11381 13799 14486 15406 15875 15922 15952 20215 20412
2.403=2423
2.41=1285 2428 5345 10190 10372 10890 12743 15922 20300
2.42=5475 6955 7061 7423 8757 8999 16380 18495 20085 20187 20364 20807 20833 21359
2.424=11059 11656
2.43=1722 1846 2839 2985 6760 8481 8489 10349 14675 18602
2.44=3353 5359 6454 6653 7061 11705 15914 17863 18071 18285 19259 20391 20392 20569 20826
2.440=880
2.4469/4501=14063
2.45=1309 1438 2333 3024 3034 5225 5888 6406 10257 12743 14417 15875 16114 16913 18614 18646 20266 20395 20601 20843
2.4526/4557=13421
2.454=880
2.4547/4578=13421 14063
2.46=2718 3273 7821 10688 11418 12934 15325 15841 15925 17180 17186 20910
2.47=8997 9316 10326 11540 15388 15906 17251 17252 17863 20180
2.48=2319 2378 3639 3947 7404 9393 15875 16775 17357 21105
2.48-dlr=16716
2.49=97 378 3690 3792 5181 8702 9393 12743 15094 15875 15985 21414
2.5=209 227 259 273 335 340 355 652 714 843 881 970 979 1019 1073 1316 1344 1353 1355 1399 1433 1466 1472 1685 1701 1959 2197 2400 2555 2615 2650 2680 2775 2828 2965 2986 3019 3024 3065 3073 3078 3164 3195 3345 3380 3445 3493 3657 3814 3852 3925 3937 3949 4010 4044 4060 4165 4200 4381 4470 4493 4548 4602 4673 4678 4684 4710 4724 4725 4922 4944 4962 5034 5038 5220 5318 5389 5391 5404 5453 5508 5523 5774 5805 5839 5846 5879 5887 5985 6037 6053 6156 6197 6388 6406 6427 6431 6605 6645 6709 6722 6798 6829 6928 6998 7032 7222 7225 7253 7254 7397 7527 7538 7583 7588 7612 7820 7912 8029 8055 8118 8172 8173 8176 8195 8239 8285 8299 8449 8582 8611 8624 8631 8639 8644 8671 8746 8796 8820 8980 9149 9213 9360 9691 9701 9706 9746 9769 9784 9787 9802 9848 9974 9975 10026 10040 10044 10255 10333 10344 10409 10434 10486 10543 10706 10795 10812 10860 10891 10979 11053 11064 11083 11184 11196 11203 11215 11222 11240 11316 11322 11414 11447 11459 11472 11508 11512 11566 11574 11624 11663 11732 11792 11830 11858 12118 12168 12315 12341 12372 12396 12521 12555 12681 12771 12778 12781 12788 12790 12791 12801 12848 12887 12935 12965 12971 12985 13053 13058 13238 13252 13256 13258 13266 13333 13611 13650 13803 14000 14088 14367 14533 14758 14864 15047 15125 15143 15212 15213 15488 15742 15803 15811 15829 16155 16173 16176 16196 16198 16248 16249 16313 16314 16487 16667 16680 16759 16770 16891 16897 16993 17036 17051 17071 17085 17091 17151 17156 17170 17188 17193 17203 17240 17244 17266 17267 17366 17385 17396 17402 17406 17497 17569 17903 17916 17970 18042 18109 18262 18354 18355 18405 18415 18490 18609 18642 18681 18790 18911 18985 18990 18991 18996 19000 19005 19064 19083 19215 19415 19457 19485 19490 19499 19890 19952 20048 20405 20406 20429 20626 20975 21395
2.5-3.0=4290 13053
2.5-billion=4823
2.5-to-1=14921
2.50=97 297 714 2132 2560 2720 3690 3792 3893 4813 5181 5279 5303 5474 7102 8576 8654 9202 9543 9618 10349 10393 10407 10482 11711 11782 12149 12887 13005 13493 13588 13610 13653 13726 14273 14289 14332 15149 15406 15438 15463 15639 15816 15865 15921 15925 16495 16862 17573 17663 17760 18018 18229 18230 18566 18580 18581 18582 18584 18586 19252 19698 20356 21469
2.50-dlr=3972
2.500=8004
2.508=11059
2.51=6596 6637 7531 8999 9956 10011 13717 15546 15734 15875 15923 16851 19198 20340 20651 20938 21325
2.52=40 97 773 10349 10372 15906 15923 17905 20344
2.53=954 1158 6596 6637 7427 7569 9728 9734 10532 11721 13482 14486 14920 17909 19548 20344
2.54=97 924 2061 5765 9583 9836 13738 15921 15952 18566 19606 21103 21260
2.543=12044
2.55=5 4100 5370 8615 8972 8979 9373 13265 13799 14486 15816 15822 15906 15908 15922 15944 15952 16044 19050 19333 20300
2.56=4332 4562 4574 4692 5765 9927 10309 11773 18677
2.562=8964
2.57=422 572 799 890 1644 8140 9337 9812 12059 20938
2.575=15593
2.58=45 97 544 2985 3657 9127 13350 15573 15680 15821 18482 20630 20918
2.59=1178 2221 3801 8140 12085 12971 13286 21414
2.595=18009
2.5p=18497
2.6=41 100 209 1041 1347 1453 1949 1964 2415 2421 2695 2746 2961 3161 3355 3456 3564 3615 3631 3663 3759 3817 3981 4165 4246 4592 4641 4695 4744 4893 5061 5807 5886 6000 6059 6067 6197 6259 6890 6943 7014 7226 7555 7583 7959 8026 8047 8056 8115 8173 8449 8618 8915 9101 9417 9521 9819 9836 10298 10325 10520 10700 10708 11174 11291 11470 12055 12160 12238 12649 12875 13053 14141 14500 15351 15742 16063 16142 16348 16948 17013 17312 17924 17926 18008 18116 18256 18433 18455 18483 18550 18637 18681 18734 18776 19038 19164 19319 19428 19430 19565 19930 20628 20807
2.60=97 2662 4495 8111 8654 9300 11717 14588 14595 18134 20391 21233
2.61=97 378 644 880 1084 1338 1756 9812 13482 13717 14638 17703 20822 20988 21109
2.61578=14664
2.62=97 4304 6738 9124 15546 15734 15925 15952 16380 18566 19584 20740 21014 21109 21472
2.625=8004 8513 15034
2.63=97 1765 3801 7543 10688 10703 14486 14675 15380 17994 18482 20213
2.64=97 4238 6935 8069 11805 11898 12394 13799 14675 17940 20269 21260
2.64062=14664
2.65=5 97 2182 2856 4015 8644 9812 10190 10297 10376 12149 12711 13799 14486 14675 15921 15952 17328 18621 18769 19294 19559 20064
2.655=880
2.65p=12449
2.66=644 1469 3016 3777 4067 10688 12927 14675 18552
2.67=644 4012 4610 5104 6301 10309 12196 14675 15969 17328 17427 20443 21356
2.675=1821
2.68=1765 4797 8125 9231 9316 9927 14681 15969
2.69=544 8971 9360 9583 14109 15085 18061 20475 21356
2.694=20757
2.6p=9741
2.7=41 209 432 444 1399 1582 1765 3218 3431 3507 3564 3615 3687 3825 3981 3995 4069 4094 4132 4422 4441 4470 4625 4629 4727 4744 4766 4774 4893 5061 5318 5392 5458 5523 5625 5846 5936 5941 6053 6063 6309 6341 6806 6880 7226 7391 8173 8347 8671 8969 8970 9008 9139 9156 9433 9645 9975 10135 10247 10285 10287 10291 10340 10383 10746 11083 11109 11180 11467 11491 11732 12137 13018 13214 13803 14536 14864 15551 15644 15781 15794 15871 16108 16197 16275 16397 17144 17170 17185 17302 17474 17527 17852 18003 18274 18463 18464 18672 18798 18918 18990 19290 19395 19478 19539 19585 19851 19919 19953 19986 20187 20191 20291 20557 20576 21260 21324
2.70=4 16 374 2662 4376 5055 5342 5765 5890 5948 8111 9543 9812 13288 14273 14675 16230 20286 20833
2.704=13137
2.71=97 293 7821 8000 8314 8981 9707 12394 13007 14675 15451 20118 20999
2.715=5049
2.72=65 772 1919 3762 4610 5274 5765 6234 6248 11490 14675 15386 15851 20826
2.72-3/4=14408
2.725=4064
2.727=62
2.73=2362 3657 4225 8597 8764 11214 15639 18769 20299 20538 21014
2.74=3684 4304 5274 5733 5765 5779 9752 10907 11123 11898 14157 14675 15680 15906 20138 20241
2.75=179 313 644 803 880 986 1269 2179 4806 5345 5765 5888 6201 6466 6549 8756 10554 11349 13196 13738 15189 15384 15877 15910 17638 17703 18239 18317 18985 18987 18996 19005 19959 20166 20422
2.750=8004
2.75p=3456
2.76=890 2055 2856 14675 15821 15925 16572 20757
2.766=246
2.77=340 1100 1529 4470 5765 5779 7423 11459 12616 13350 14675 16865 18541 20170 20354 20538 21448
2.78=97 615 2428 3016 3615 6248 6905 8314 8972 11708 16094 16357 16752 17374
2.79=1423 15103 15573 15906 17223
2.795=277
2.8=209 432 717 867 891 922 1068 1208 1211 1272 1344 1369 1765 1919 2240 2260 2409 2686 2791 3019 3065 3232 3352 3358 3420 3507 3516 4136 4213 4347 4500 5392 5484 6123 6406 6431 6464 6527 6603 6619 6798 6929 6943 7583 7623 7960 7973 8172 8262 8288 8347 8582 8681 9091 9905 10225 11070 11160 11250 11291 11644 11732 11773 11795 12315 12379 12602 13053 13333 13559 13803 14000 14068 14597 14697 14741 14744 15388 15594 15871 15924 16055 16100 16164 16192 16361 16487 16939 17031 17050 17068 17074 17085 17101 17185 17385 17474 17490 17675 17685 17721 17846 17861 17933 18035 18281 18517 19000 19017 19077 19200 19307 19761 19986 20116 20358 20419 20749
2.80=276 3798 3893 5345 7181 8531 12391 14900 15094 15910 15925 17212 17986 18834 20988 21233 21327 21414
2.81=293 4306 7359 10963 15380 18408 20442
2.82=313 1229 4811 5538 5765 5779 6075 8627 8654 8829 9691 17103 21117
2.822=16233
2.83=890 1366 7543 12266 14109 20180 20344 21275 21416
2.837=880
2.84=5421 10011 10486 10617 10956 11870 18287 20340 21103
2.842=3930
2.85=2533 3347 4007 4238 5888 7465 10017 10262 11123 12887 14268 14515 14685 19164 19609 21117 21330
2.85-1/4=14450
2.86=97 2179 2662 6618 7543 9707 20161 20241
2.87=97 890 4710 6198 6297 8981 13807 13832 17503 21412
2.8720/50=2228
2.875=6263 8004 9569 18315
2.88=824 1369 3554 6935 8000 10907 11714 15833 16918 16948 19164 19295 20392 21117 21211 21302
2.88-1/4=7326
2.88-3/4=14487
2.883=880
2.89=4304 6301 8829 9337 13539 14675 14685 15910 21109
2.8900/60=2228
2.9=38 64 138 444 814 843 867 889 955 1132 1734 1919 1964 2228 2370 2513 2544 2686 2899 3472 3520 3550 3631 4346 4404 4744 5172 5244 5356 5508 5588 5665 5738 5787 5805 6309 6310 6383 6406 6784 6893 6943 6959 6989 7014 7200 7222 7287 7316 7583 7623 7678 8056 8173 8618 8882 8963 9440 9856 10733 10799 10965 11160 11350 11732 11781 12077 12306 13947 15043 15130 15193 15298 15363 15506 15551 16098 16148 16481 16487 17013 17199 17380 17586 17933 18009 18050 18204 18433 18460 18463 18911 19038 19082 19395 19564 19986 20085 20116 20295 20557 20913 21051 21179 21324
2.9/1=1405
2.90=97 258 425 772 1338 2221 2859 5765 6905 11667 12121 12406 12418 12447 12601 12607 12673 12780 12934 13115 14374 14675 15351 15925 16680 18134 18449 20837
2.9040/90=12673
2.91=97 880 1556 9583 10257 10349 10737 12406 21117
2.910=12780
2.917=5070
2.9190/9240=12673
2.92=97 880 1583 6406 9706 9707 12394 13717 14675 16913 17057 21016
2.92-1/2=7326
2.9210/45=12121 12673
2.924=12780
2.93=9706 9707 11160 12780 13165 21298
2.94=4238 9956 10272 11220 14515 15833 20235
2.9480/9520=13564
2.9490/520=14357
2.9490/530=14357
2.9490/9530=13419 13564
2.95=496 2725 6701 9634 10313 12673 13288 13419 14043 16238 16248 17901 18539 18672 20138 20241 21095
2.950=5070 13531
2.950/954=14043
2.951/955=13379 14043
2.952/956=15625
2.953=13733
2.954/958=13379 14043
2.9540/75=13564 14357
2.9540/9575=13419
2.955=13733 14342 14654 14710
2.957=13531 14654 14710
2.96=97 374 1067 6893 6894 10309 11160 13561 14675 15822 20269 20826 20837
2.960/965=15625
2.969=1982
2.97=3995 5181 5279 7264 11813 16100
2.978=464
2.98=97 260 4306 5070 6596 6637 7421 9360 14675 14681 16100 17427
2.99=97 1067 1919 3758 4338 5765 5779 8976 10275 10956 13482 14675 15103 15238 18539 20324
2.9p=15427
2/1=14671
2/10a=17333
2/10b=17333
2/12ths=11773
2/15a=17333
2/26=49
2/27=49
20=7 18 23 26 27 40 41 51 83 87 110 113 142 265 266 270 271 281 282 302 305 307 319 325 362 371 372 393 409 419 441 458 460 461 480 484 489 501 502 531 536 545 547 549 576 581 603 622 629 635 638 657 674 714 728 731 732 740 744 748 759 765 785 811 837 862 866 907 946 954 960 980 1019 1029 1064 1084 1126 1142 1153 1155 1159 1190 1209 1221 1242 1246 1249 1283 1287 1291 1297 1313 1316 1341 1353 1366 1373 1376 1387 1389 1397 1408 1415 1424 1478 1483 1492 1494 1496 1513 1543 1555 1557 1569 1570 1571 1576 1611 1616 1634 1654 1672 1674 1682 1690 1726 1747 1774 1789 1836 1840 1842 1852 1861 1872 1901 1902 1906 1914 1918 1925 1926 1933 1976 1995 2003 2010 2011 2016 2061 2112 2132 2170 2188 2193 2200 2221 2237 2249 2279 2310 2318 2331 2347 2350 2354 2374 2379 2383 2459 2470 2500 2510 2521 2563 2579 2590 2591 2601 2613 2618 2652 2664 2680 2681 2688 2699 2750 2773 2779 2795 2809 2824 2828 2860 2866 2902 2908 2915 2932 2944 2973 2983 2996 3017 3026 3027 3034 3048 3072 3086 3104 3111 3112 3148 3155 3174 3175 3242 3269 3282 3332 3336 3346 3403 3404 3432 3442 3445 3463 3466 3467 3487 3488 3551 3557 3558 3563 3568 3579 3608 3628 3630 3682 3689 3731 3742 3743 3745 3761 3765 3774 3778 3788 3801 3861 3869 3870 3878 3884 3891 3917 3942 3978 3981 4004 4017 4025 4046 4058 4074 4076 4106 4108 4122 4124 4136 4137 4144 4175 4186 4196 4226 4229 4236 4263 4267 4285 4289 4365 4389 4399 4420 4436 4454 4457 4477 4494 4506 4507 4523 4546 4548 4570 4608 4611 4630 4633 4649 4650 4667 4684 4693 4694 4699 4706 4709 4720 4736 4766 4790 4823 4824 4830 4847 4864 4866 4873 4878 4893 4896 4901 4909 4910 4930 4953 5013 5056 5058 5072 5085 5086 5091 5098 5107 5131 5135 5139 5145 5159 5162 5191 5195 5201 5212 5224 5266 5268 5295 5302 5311 5322 5340 5391 5412 5414 5422 5429 5435 5467 5528 5559 5599 5620 5624 5641 5644 5676 5689 5711 5746 5748 5776 5777 5786 5790 5802 5831 5847 5856 5887 5903 5935 5968 6033 6035 6072 6079 6090 6112 6124 6166 6180 6202 6246 6262 6280 6335 6338 6351 6352 6357 6359 6368 6374 6376 6386 6390 6395 6402 6406 6424 6428 6429 6434 6448 6455 6457 6481 6514 6523 6541 6553 6577 6588 6590 6635 6636 6653 6665 6706 6708 6722 6729 6749 6776 6778 6795 6797 6802 6804 6806 6809 6815 6817 6823 6830 6876 6890 6895 6903 6908 6913 6946 6949 6963 6973 6980 6996 7011 7063 7066 7088 7146 7158 7170 7174 7175 7185 7200 7202 7203 7252 7266 7274 7277 7304 7308 7317 7366 7384 7391 7443 7480 7483 7484 7493 7494 7536 7540 7545 7553 7559 7567 7575 7598 7606 7607 7617 7630 7636 7644 7676 7686 7687 7694 7696 7705 7722 7731 7732 7765 7797 7829 7850 7861 7866 7869 7880 7893 7902 7914 7917 7932 7934 7952 7958 7961 7972 7977 8009 8023 8033 8055 8060 8065 8076 8080 8088 8100 8111 8115 8128 8129 8131 8146 8147 8162 8171 8177 8179 8198 8210 8216 8221 8228 8242 8252 8266 8267 8272 8274 8278 8357 8364 8371 8390 8400 8427 8436 8457 8477 8543 8555 8569 8580 8595 8606 8630 8637 8656 8677 8690 8691 8693 8703 8705 8706 8724 8733 8734 8743 8747 8755 8764 8771 8780 8785 8800 8818 8850 8867 8872 8874 8875 8879 8882 8883 8899 8900 8908 8941 8963 8974 9012 9020 9040 9046 9057 9058 9088 9101 9102 9130 9139 9169 9174 9184 9186 9202 9211 9223 9225 9244 9246 9247 9268 9273 9274 9275 9276 9283 9311 9313 9382 9386 9414 9434 9440 9448 9464 9488 9509 9522 9526 9530 9551 9577 9582 9634 9652 9667 9670 9696 9697 9701 9708 9724 9732 9733 9755 9758 9759 9765 9792 9793 9795 9816 9843 9866 9867 9886 9896 9919 9954 9967 9970 9973 9976 10011 10068 10069 10074 10105 10108 10118 10217 10228 10259 10267 10275 10279 10280 10282 10284 10291 10292 10307 10311 10313 10316 10317 10319 10330 10347 10373 10382 10388 10398 10426 10460 10468 10505 10512 10519 10537 10548 10609 10625 10644 10648 10663 10694 10704 10715 10717 10722 10748 10792 10798 10821 10822 10830 10856 10893 10918 10931 10947 10966 10999 11007 11015 11023 11031 11036 11064 11102 11161 11177 11178 11202 11204 11211 11213 11215 11225 11239 11252 11253 11269 11272 11285 11294 11296 11324 11335 11363 11419 11477 11483 11484 11491 11502 11530 11533 11548 11587 11602 11619 11648 11661 11696 11726 11740 11742 11746 11761 11768 11769 11806 11810 11813 11823 11828 11838 11851 11853 11888 11889 11891 11894 11914 11918 11933 11950 11956 11964 11981 12026 12045 12050 12060 12083 12110 12128 12197 12209 12237 12239 12250 12277 12286 12315 12318 12322 12365 12389 12401 12409 12449 12454 12487 12496 12498 12521 12531 12574 12580 12611 12614 12617 12654 12662 12663 12664 12678 12680 12709 12720 12737 12750 12751 12757 12759 12760 12764 12770 12786 12819 12830 12879 12887 12889 12922 12924 12935 12938 12985 13031 13041 13057 13063 13064 13068 13072 13078 13080 13088 13090 13100 13133 13149 13150 13179 13187 13206 13211 13212 13234 13241 13252 13281 13331 13450 13455 13499 13562 13568 13571 13586 13588 13591 13687 13713 13721 13757 13780 13782 13809 13947 14043 14056 14087 14166 14173 14206 14208 14263 14302 14492 14520 14539 14549 14550 14586 14635 14640 14653 14678 14697 14702 14716 14720 14756 14797 14839 14841 14853 14862 14890 14896 14898 14934 14953 14957 14960 14971 14973 14982 14987 14995 14996 14998 15019 15025 15026 15034 15063 15078 15103 15106 15114 15168 15180 15208 15217 15226 15227 15233 15241 15254 15258 15270 15283 15289 15299 15300 15306 15309 15352 15369 15374 15390 15399 15413 15414 15417 15423 15466 15488 15518 15556 15569 15575 15576 15597 15602 15614 15624 15632 15639 15640 15655 15681 15686 15693 15700 15707 15716 15727 15745 15780 15781 15783 15806 15812 15813 15828 15936 15956 15964 15967 15982 16010 16015 16017 16019 16028 16032 16034 16036 16038 16047 16061 16062 16078 16094 16110 16118 16128 16129 16131 16156 16163 16175 16211 16226 16253 16254 16300 16318 16345 16357 16367 16389 16409 16432 16458 16475 16488 16499 16502 16538 16562 16568 16640 16651 16680 16692 16717 16737 16747 16763 16768 16781 16790 16794 16805 16809 16816 16817 16828 16832 16836 16844 16851 16891 16907 16937 16939 16942 16961 17036 17106 17114 17123 17124 17153 17156 17179 17199 17207 17257 17294 17310 17316 17348 17359 17372 17379 17381 17382 17405 17419 17434 17438 17454 17461 17470 17471 17476 17477 17497 17521 17549 17559 17561 17565 17568 17604 17641 17643 17679 17692 17700 17751 17755 17760 17766 17771 17839 17843 17886 17896 17903 17907 17911 17923 17952 17964 17965 17976 17979 17993 18005 18085 18124 18136 18138 18144 18152 18186 18193 18208 18212 18243 18280 18292 18309 18317 18320 18326 18369 18430 18434 18438 18446 18467 18468 18505 18510 18521 18523 18529 18542 18548 18648 18688 18699 18726 18729 18752 18760 18768 18794 18821 18822 18839 18850 18858 18894 18961 18983 19008 19026 19035 19038 19047 19049 19065 19076 19083 19086 19105 19116 19120 19126 19149 19155 19172 19179 19184 19192 19193 19194 19220 19222 19267 19274 19278 19285 19294 19315 19337 19338 19353 19423 19436 19439 19489 19497 19499 19505 19508 19526 19553 19588 19602 19611 19613 19618 19645 19649 19668 19677 19683 19701 19703 19708 19713 19716 19722 19728 19738 19754 19767 19795 19798 19799 19832 19841 19845 19850 19851 19852 19869 19897 19908 19927 20050 20057 20064 20093 20112 20168 20176 20202 20208 20241 20264 20304 20307 20313 20321 20363 20410 20416 20481 20498 20500 20507 20514 20521 20524 20554 20558 20564 20567 20590 20591 20592 20620 20697 20700 20747 20749 20751 20777 20779 20819 20842 20869 20873 20885 20895 20897 20912 20918 20935 20955 20994 20999 21026 21029 21057 21074 21078 21088 21108 21115 21145 21189 21217 21236 21281 21324 21328 21332 21337 21367 21376 21422 21459 21466 21480 21486
20's=10569
20,000=311 320 449 746 908 2242 2389 2400 2572 2988 3256 3641 4077 4386 4477 4548 5172 5527 6079 6541 6934 7013 7143 7533 7592 7660 7877 8004 8062 8159 8360 8427 8961 9163 9391 9445 9865 10330 10367 10678 10758 11265 11601 11851 11885 12020 12164 12166 12500 12583 12786 12894 13179 13462 13884 14870 14988 15017 15376 15618 15875 16035 17054 17434 17662 17707 18368 18407 18456 18849 18935 19126 19484 19877 21126 21208
20,000,000=6557
20,000-member=3984 19898
20,000/21,000=12162
20,000/22,000=15728
20,000/35,000=12161
20,028=18749
20,029,000=16546
20,030=8463
20,064=8683
20,083,000=20215
20,096=4022
20,115=15953
20,115,000=15953
20,167,000=3867
20,167,714=19657 19723
20,200=7026
20,209=13108
20,214,000=15590
20,243=4022
20,296.0=15871 15890
20,321=9400
20,322=7351
20,339=14459
20,379,000=20401
20,398=13108
20,398.3=15890
20,406=8859
20,430=1910
20,433.4=15871
20,437=1671
20,479=2977
20,481=3901
20,525,000=20646
20,554=10680
20,578,000=10538
20,591,000=10538
20,599,000=12231
20,602=12399
20,616,000=15327
20,617=16400
20,649=20125
20,682,000=20728
20,700=8792 11885 13179
20,717,000=13828
20,760,000=12231
20,809=18550
20,845,000=18732
20,861,000=2806
20,900,000=15859
20,905=12381
20,920,000=20728
20,957,000=10211
20-1/2=14702 19721
20-1/4=14279
20-1/8=18134
20-14=20621
20-20/32=1513
20-22=5010
20-23=10073 13465
20-25=616 1553 8077 8202 8210 14657 19832
20-25th=4425
20-26=14657
20-28=1599
20-3/4=9883 14609 14649
20-3/8=4888
20-30=11645 12543 13097 14491 15097
20-30/4=12161 12174 15727 15728
20-7/8=13068
20-crown=3579 3630
20-day=11703 13416 13530
20-day-old=7119
20-dec=20239
20-dlr-a-ton=18752
20-man=17429
20-megabyte=12496
20-member=7802
20-mile=19271
20-minute=15399 21459
20-month=6757 6866 17953
20-nation=6987
20-pct=13250
20-pfennig=12673
20-point=471
20-year=270 910 927 1227 1738 1754 1906 2255 2900 2969 3527 4600 4604 5030 5318 5628 6401 7927 9627 9987 10241 10733 10791 10799 11780 12784 12800 12835 13807 13832 15894 16054 17225 18928 18939 19266
20-year-old=17371
20.0=6 920 1291 3569 3740 3907 4476 5669 6271 7061 7951 8474 8619 11721 12153 13665 13669 13803 14509 15875 16263 16525 16800 17375 20407 20497 21281
20.00=4733 11755 13608 14000 14190 17777
20.02=5216
20.05=10729
20.07=19045 19051
20.08=10287
20.0p=8702
20.1=1338 1524 2224 4184 4378 4791 4811 5146 5407 7620 9952 10840 11331 15594 15851 16030 16090 16199 16461 16600 21264 21322 21403
20.10=6810 9700 10860 11663 13591 16314 16443 17516
20.13=9691
20.14=8618
20.15=960
20.16=17101
20.18=19050
20.19=10729
20.1p=16141
20.2=422 569 968 1347 3971 5493 6464 6759 7061 9521 9792 11961 12042 13001 13216 14500 15490 15871 16642 16904 16944 20545 20793 21423
20.20=14876
20.22=8684
20.23=16833
20.2315=15056
20.24=8449 9031
20.25=1291 6798 11070 12935 15906 15924 20406
20.28=15906
20.29=17877
20.3=1759 1768 2436 3022 3193 3282 3496 3672 3994 4472 4573 5531 6758 7444 7566 8275 8511 9229 9263 10408 12122 14993 15594 15871 17458 18374 19644 20117 21034
20.30=19499
20.318=9012
20.33=12630
20.3489=15056
20.36=13007
20.38=14846 15042
20.39=4610 4626
20.3p=6349 9177
20.4=6 3486 5126 5339 6271 6464 6551 8010 11972 12397 12915 13027 14455 15387 15793 15875 16615 20628
20.42=2221
20.45=3579 3630 20267
20.46=10688 19073
20.5=1128 1245 2498 3171 4309 5339 5602 6349 7133 9931 10051 10447 10598 10882 11150 12520 12938 13803 15041 16207 17556 17635 17703 21136 21179
20.50=198 903 3722 5470 7156 12935 15910 17896 17960
20.54=7674
20.55=19285
20.58=10011
20.6=3649 4612 5313 5385 5472 5922 6261 7620 9375 10381 10635 11898 11972 14962 14967 15000 16441 16808 17869 20660 20910 21195 21269 21490
20.61=9836 17516
20.6226=16143
20.625=18652
20.66=20752
20.68=5216 19510 20267
20.69=18487
20.7=1320 1327 1618 1637 2082 3956 5890 5948 6447 6465 6592 7424 7918 9761 11112 11131 11736 12266 12288 13803 16207 19619 19777 20310 20497
20.72=15381
20.7449=16143
20.75=3414 3434 16213 16314
20.79=4130
20.792=82
20.7p=14860
20.8=2459 2518 3490 3516 3634 4261 4602 5456 5544 5632 5817 6094 7499 7505 7634 10611 11359 13146 15374 15427 17127 18350 19610 19742 20035 20630 21097
20.80=903
20.84=11241
20.85=12935
20.9=37 456 621 1681 1696 2596 2833 3216 3480 5037 5061 5632 6427 7382 9836 10963 11859 13007 15029 15871 16294 17014 17901 20352 20497
20.92=198 18551 20267
20.94=17563 18491
20.96=18369
20.9p=9189 18495
20/25=19373
20/30=13179
20/32=14599
20/4-5/5=12161 15727
20/50=4312
20/64=3592
20/july=10330
20/jun=12786
20/june=13179
20/may=10519 10705 13179
200=4 16 110 161 174 203 305 329 331 382 394 408 415 427 602 616 626 630 678 730 882 897 1076 1127 1352 1468 1624 1802 1889 1921 1933 1938 1944 1963 1964 1968 1973 2031 2080 2134 2274 2324 2345 2367 2373 2407 2485 2498 2625 2652 2662 2686 2707 2827 2853 2955 2958 2959 3020 3032 3034 3052 3056 3066 3090 3148 3171 3231 3241 3242 3245 3396 3407 3454 3471 3502 3524 3593 3615 3670 3698 3703 3732 3790 3792 3910 3923 3991 4018 4022 4061 4068 4100 4106 4119 4209 4214 4299 4309 4364 4394 4542 4588 4617 4625 4639 4642 4669 4677 4684 4692 4704 4711 4727 4740 4861 4953 4989 4994 5200 5372 5484 5509 5587 5589 5643 5690 5760 5808 5819 5820 5932 5958 5972 6015 6072 6090 6132 6209 6357 6554 6605 6618 6725 6726 6752 6981 7097 7150 7164 7175 7211 7290 7531 7546 7551 7575 7589 7658 7705 7711 7808 7889 8055 8065 8068 8143 8200 8203 8208 8248 8316 8471 8484 8510 8531 8563 8591 8601 8657 8786 8796 8885 8920 8967 9000 9024 9047 9048 9120 9130 9136 9139 9164 9214 9245 9281 9358 9384 9404 9411 9436 9443 9509 9512 9521 9560 9665 9706 9736 9742 9749 9886 9893 9931 9986 10016 10043 10051 10054 10110 10131 10133 10274 10316 10329 10333 10350 10389 10405 10409 10410 10450 10468 10549 10617 10730 10737 10852 10931 10969 10975 10981 10994 11063 11129 11181 11182 11184 11203 11213 11231 11240 11257 11319 11365 11434 11497 11615 11624 11657 11663 11675 11768 11818 11830 11887 11919 11922 11986 11991 12136 12160 12256 12496 12566 12735 12779 12781 12801 12864 12875 12925 12963 12978 12988 13011 13051 13071 13187 13218 13251 13263 13264 13568 13654 13659 13688 13809 13859 14088 14109 14173 14208 14280 14327 14344 14776 14802 14834 14896 14975 15055 15083 15108 15179 15350 15362 15518 15523 15673 15743 15860 15864 15919 15975 16054 16154 16163 16216 16332 16477 16495 16593 16937 16949 16965 17024 17069 17078 17079 17318 17372 17426 17429 17595 17635 17667 17693 17772 17877 17941 17983 17991 18144 18176 18199 18204 18218 18228 18353 18364 18395 18501 18657 19080 19164 19218 19252 19253 19268 19301 19334 19512 19531 19542 19583 19705 19934 19969 19974 20090 20125 20295 20307 20393 20394 20546 20550 20565 20742 20751 20830 20854 21002 21005 21090 21101 21202 21317
200,000=10 79 149 273 309 329 388 650 1652 1695 1706 1788 1990 2189 2206 2627 2925 3176 3272 3453 3454 3581 3602 3693 3980 3981 3987 4001 4237 4244 4402 4425 4485 5185 5242 5283 5597 5952 5986 5996 6009 6095 6132 6284 6290 6339 6445 6527 6898 6977 7534 7778 7935 8041 8360 8485 8770 8857 8993 9069 9381 9398 9929 10003 10119 10956 11265 11269 11729 11757 12135 12270 12343 12644 12695 12700 12719 12938 12971 13279 13915 14126 14230 14280 14716 14718 15132 15273 15344 15511 15592 15678 15803 15811 15836 15911 15916 16158 16220 16784 16793 16844 17059 17475 17763 17903 18377 18382 18400 18419 18726 18814 18817 19110 19363 19717 19722 19728 20019 20431 20434 20563 20790 21309
200,000-dlrs=847
200,000-hectare=18419
200,052=9312
200,242,000=7994
200,471,561=20569
200,500=4918
200,740=19440
200-210=14052
200-220=14119
200-250=3927 13859
200-260=13859
200-foot=368
200-foot-level=2411
200-franc=16329
200-mile=19969
200-million=12709 12720
200-mln-dlr=9803
200-page=19105
200-seat=2132 5774 12961 12970
200.0=5972
200.02=19527
200.2=1638 11859 20273 20309
200.3=15590 19850
200.5=10190
200.6=3740 13588 14963
200.60=2993
200.7=968
200.8=13803
200.9=14092 20225
2000=109 1242 2932 3216 3855 3929 4823 5473 5800 5963 6119 6127 6169 6329 6375 6441 7145 7164 7534 7566 7890 8042 8080 8161 8198 8601 8975 9112 9569 9670 10043 10251 10666 10938 11332 11586 11741 12238 12272 12388 13801 14319 14719 14829 14870 15390 16504 16560 16855 16927 18066 18108 18352 18598 19273 20124 20462
2000-2001=4291
2001=568 1349 1844 1950 3589 5615 8853 11375 11926 12367 13183 13921 13924 14700 16927 20095
20012=8248
2002=325 372 460 1219 1424 1513 1636 1978 2295 2526 3470 3487 3664 3915 3943 4072 4112 4221 4264 4669 4683 4704 4968 5014 6379 6610 6895 6992 7384 7511 7705 7717 8146 8411 8622 8648 8659 9063 9086 9169 9276 9375 9480 9889 10933 11194 11398 11757 11828 12444 12451 12510 12742 13612 14855 14868 14901 15385 15565 15635 15835 16321 16501 16768 16826 17087 18605 18767 19510 19514 19552 19695 20549
2003=7964 12925
2004=1402 2615 2900 7016 11375 13222 17992
2004/08=3111 10863
2005=1303 3220 3508 12198 16370
2006=1844 2812 2814 10056
2007=888 957 1415 1518 1791 3600 3656 3722 4312 5560 5988 6327 6408 6692 6883 6895 10247 10420 10979 12911 12966 14990 15025 17678 19346 20321 21469
2008=148 1578 2932 3119 3260 9481 11590 12088
20082=14477
2009=391 6072 6300 6640 12088 13222 14734
201=1970 3792 7629 7645 7823 8849 12680
201,000=327 1803 8364 10544 16765 17972
201,129=10062
201,328=1654
201,400=313
201,660=4436 6124 6246
201,680=2519
201,800=2224
201,966=3225
201-274=16274
201-360=16274
201.0=21441
201.1=5565
201.10=17460
201.2=17037
201.4=3903 4014 11504
201.49=15720
201.6=17809
201.66=4405 4824 7304 8060
201.8=15875
201.82=9691
2010=1267 2903 9842 13222 17772
2011=716 989 1349 1844 2684 5623 5668 7182 9886 10461 13183 13921 13924 14700 15116 15167 15177 16612 17873 19241
2012=917 1473 1485 1531 1604 1958 2277 2413 2547 2615 3178 3293 3431 3638 3664 3705 3712 3727 3842 3943 4270 4464 4895 4912 4968 5347 5760 6300 6319 6640 6845 7446 7458 7655 7665 7697 7708 7750 7799 7973 9099 9350 9351 9616 9854 9888 10147 10480 10843 10979 11346 11590 12108 12256 12527 12537 13076 13703 14561 15054 15105 15492 15498 16724 16849 16919 17531 17730 18021 18240 18942 19472 19659 20758 21396
2013=824 5748 7998 13222
2014.93=15584
2015=2615 5748 10929 13222 13735 20344
2016=141 161 1802 2412 2498 2684 3171 3923 4309 4994 5311 6664 7175 7227 7607 7998 8484 8954 9931 10461 10675 10809 13411 14708 14724
2017=161 1352 1578 1604 1791 1802 2498 2547 2615 2625 2684 3171 3510 4309 4471 4994 5311 5748 6651 6664 7175 7227 7361 7617 8272 8484 8954 9488 9931 10051 10468 11590 11650 12108 13218 15711 16477 17490 17635 17663 18018
2018=141 5748
2019=14734
201p=15161
202=15389 16997 17060 17611
202,000=2016 2188 2249 6760 9273 10254 20897
202,097=10094
202,108=13182
202,473=18648
202,500=11031 17171
202,546=8140
202,628=614
202,900,311=20569
202-7/8=11775
202.0=11711
202.2=10674
202.20=13561
202.5=6084
202.50=14189
202.55=9744
202.7=10673 12885
202.8=6115 10130
202.83=19554
202.9=8633 10694
202.90=17341
2020=10863 11819
2021=11819
2022=2412
2024=10461 14734
20267=14477
2027=7615
20288=14477
203=1890 4089 8444 9328 20456 20526
203,000=24 606 12681 16265 16365 19449 19862
203,372=9098
203,375,222=20569
203,513,000=1184
203,884=8850
203.2=3968
203.4=541
203.40=1394
203.5=8767
203.6=4660
203.7=7096 20973
203.70=13561
203.8=21412
203.80=13561
203.9=2429
203.92=15906
203p=3496
204=7227 8761 11124 11137 13561 15864 16727 17141
204,000=199 1117 8956 9046 9486 11306 14968
204,064=20493
204,256=11811
204,335,958=20569
204,391=4436
204,499=8345
204,553=2761
204,558=12224
204,765=579
204,862=12381
204.40=14681
204.42=15906
204.8=20378
204.9=9952
2040=13967
2044=14734
2046=14453
2047=13030
205=160 2061 3792 4107 4906 6742 10291 12840 13825 15545 16071 16090 16199 17822 19738 19754 21123
205,000=135 5327 17250 19101 20777 21205 21222
205,060=5218
205,376=6383
205,700=13162
205.0=9176
205.2=6771
205.3=6779
205.4=5744
205.50=12348
205.6=13803
205.69=8618
205.7=1132
205.8=13803
205.9=20715
2050=9275 9670 9696 9843
2050b=13967
2053.25=15584
2056=8517
2058=3438 10729
205p=6363 8225
206=2022 3151 6921
206,000=11217 13237 15152 15632 18411 18414 19431
206,467=4120
206-360=15560
206.0=10284 10292
206.1=11504
206.3=8611 16513
206.4=13803 15875
206.45=9691
206.6=13256 13266 20822
206.7=15374
20677=14477
206p=15161
207=884 1890 8761 11798 17457 19067 19164 19974 21123
207,000=9562 19067
207,030=12254
207,165=7762
207,241=1618 1637
207,514=6711 6723
207,719=6323
207.4=2212
207.5=2724 3604 9555 16662
207.6=1638
207.7=4064 20357
20721=14460
2073.15=15584
208=1938 3919 4089 6586 6770 7174 7492 7868 15691 20717
208,000=16700
208,278=8915
208,334=21411
208,600=10200
208,800=6223
208.2=6123 12426
208.3=11957
208.6=16052
208.8=10644 10648
208.9=18509
2080=13967
2089h=13967
2089l=13967
209=2428 7003 7578 12116 14189 17093
209,000=5230 5386 18166
209,109=17832
209,177=12224
209,906=12146
209.0=7576
209.1=2657 8457 8580 8899 20446
209.2=16662 20237
209.24=12429
209.3=4901 4930
209.30=9793
209.4=4638
209.5=9139
209.61=13169
209.7=18155
209.8=2266
2095.64=15584
20p=12449
20th=8235 8280 10593 16937 16965 17207 17214 17217 17261 17271 18292
21=26 124 137 169 234 270 306 371 404 498 531 534 612 616 722 745 998 1033 1140 1177 1269 1283 1285 1297 1316 1325 1445 1446 1455 1461 1481 1502 1526 1545 1564 1586 1618 1622 1629 1637 1641 1702 1760 1785 1803 1906 1926 2000 2354 2423 2642 2783 2793 2910 3030 3161 3174 3353 3421 3447 3478 3486 3519 3523 3530 3672 3677 3740 3742 3845 3874 3942 4042 4073 4128 4137 4196 4205 4222 4263 4277 4355 4373 4421 4570 4649 4691 4720 4820 4877 4893 5039 5076 5078 5221 5261 5298 5312 5351 5438 5452 5464 5465 5539 5573 5661 5728 5765 5960 6033 6072 6103 6185 6216 6234 6248 6331 6353 6358 6476 6478 6524 6537 6653 6700 6798 7048 7079 7113 7157 7190 7227 7238 7418 7491 7519 7621 7627 7934 7941 7958 7959 7972 7975 8069 8092 8114 8197 8200 8319 8386 8553 8682 8753 8846 8950 8999 9008 9037 9091 9284 9466 9605 9719 9848 9867 9993 10089 10188 10210 10225 10286 10303 10350 10445 10466 10560 10609 10664 10682 10729 10826 10829 10959 10979 11019 11030 11031 11058 11109 11148 11407 11438 11517 11548 11572 11635 11636 11673 11730 11796 11865 11919 12185 12237 12249 12341 12478 12507 12574 12680 12681 12704 12773 12796 12849 12883 12961 12970 12991 13105 13118 13216 13552 13573 13577 13623 13878 14285 14297 14520 14524 14569 14635 14697 14702 14829 14842 14921 14971 14999 15197 15211 15278 15402 15485 15534 15576 15628 15707 15774 15901 15924 15930 16016 16100 16121 16175 16205 16206 16211 16321 16360 16367 16377 16409 16502 16596 16637 16788 16832 16834 16840 16848 16870 16910 16998 17013 17016 17057 17080 17190 17248 17306 17336 17339 17357 17378 17392 17393 17399 17460 17480 17486 17509 17704 17728 17751 17760 17780 17783 17802 17805 17834 17893 17911 18001 18062 18081 18120 18184 18411 18414 18580 18586 18591 18703 18711 18723 18803 18830 18840 18849 18885 18903 19050 19090 19109 19129 19164 19222 19275 19311 19431 19451 19455 19460 19489 19499 19532 19662 19667 19786 19810 19815 19828 20137 20298 20319 20357 20363 20413 20519 20529 20545 20588 20590 20618 20653 20690 20799 20814 20827 20973 21057 21073 21133 21194 21292 21406 21441
21,000=311 6138 7778 10174 11893 15834 16265 16410 16704 17499 17707 18872 19392
21,003,000=15859
21,017=7075
21,017,000=18732
21,042,000=16428
21,044.6=15871 15890
21,045=20736
21,080=10196
21,092=1876
21,110=2557
21,111,000=10538
21,173,570=14427
21,177=1114 1121
21,200=12420
21,200,000=20180
21,208=10324
21,250=10951
21,254,054=19657 19723
21,290=11429
21,300=5985
21,334,000=2700
21,390=12023
21,390,190=10498
21,404=12399
21,500=13707
21,538,000=5416
21,566.66=11215
21,570=15668
21,600=12319 12373 18539
21,659=11885
21,665=16671
21,669=3015
21,675.04=10686
21,720,000=6299
21,764,000=998
21,771,000=20593
21,782,929=69
21,798,000=5055
21,800=15917
21,840=105
21,900=4543
21,918=4686
21,929,000=1245
21,943=17153
21,978=19241 19242
21,978,000=19242
21,983,000=15626
21,992,000=19598
21-1/2=2650 15709 18693 20313
21-1/4=13907 14279
21-1/8=8512 14609
21-28=1544 1854
21-3/4=21247
21-31=12951 13001 13108 13111 13216 13220
21-5/8=4335 14609
21-7/8=14279
21-day=5907
21-day-cycle=4917
21-june=7160 17378
21-member=14827 15706
21-page=4545 4618 4752
21-storey=5780
21-story=1282
21-year=5799
21-year-old=11624
21.0=2234 5582 7790 8394 11522 11976 12398 12469 12659 14483 14716 15871 16417 18432 18829 20135 20660 21114
21.00=14190 15925
21.01=15391 20023
21.06=21073
21.08=7960 15391
21.09=10011
21.1=6 2653 4306 4337 4766 6787 6890 8155 8318 8611 9372 9521 9786 9963 10214 10216 10254 10956 15489 16016 17032 17427 19647 19871 20332 20648 21055 21221 21461
21.16=19562
21.19=15906
21.2=533 1689 1812 2300 3541 4273 4672 4884 5493 8032 8039 8449 9610 9760 12659 15800 16949 18973 20180 20630 21114
21.20=18480
21.203=7469
21.25=9888 14668 14741
21.2p=3517
21.3=1054 2309 2824 4197 4303 5037 5061 5493 5894 6233 11414 11754 16141 16551 17839 19015 20497 20728 21327 21451
21.30=12935 13406
21.31=9127 20412
21.32=3414 3434 8451
21.334=1308
21.34=8449
21.4=1404 1877 4504 4791 5225 5573 5728 7008 7032 7620 8458 9894 11713 12160 12477 13730 16100 16461 18475 20370
21.40=7102 9700
21.45=15906 20412
21.49=9127 15906 15914
21.4p=9229 17901
21.5=1063 2303 4306 6201 6323 6592 7931 8484 10632 11953 12042 12398 12469 12732 13752 15104 16100 16342 16480 17965 18284 18432 19258 19854 20984 21179
21.50=11070 11349 13182 15914 15924 18362 20298
21.51=15914
21.55=8451
21.56=15914
21.59=6970 7029
21.5p=5264
21.6=23 837 4197 4419 4438 6254 6341 6551 6758 9721 9749 11850 12176 15490 17031 18497 19708 20969
21.60=5371 16324
21.61=17887
21.66=1681 3813
21.6p=17900
21.7=160 1428 1849 2518 3257 3456 3958 4550 5941 6437 6551 6770 6840 9526 10130 11249 14892 18460 20479 20651
21.70/80=13234
21.73=15914
21.74=15908 18494
21.75=6798
21.76=20226
21.78=200 9035 15906
21.79=15914
21.8=2028 2254 2378 4327 5107 9760 15703 16434 16619 20285 20301 20826 21179
21.84=10335 10743
21.85=10860 12935 16314
21.9=538 1582 1688 2320 3282 5544 6759 8137 8997 10381 11565 15043 15109 16367 17555 20658 21259 21406
21.91=12256
21.92=7541 17563
21.94=9700
21.95=937 3189 3303 4829 20406
21.975=2684
21.98=395
21/july=17137
210=305 884 1299 2306 2464 3792 4988 6757 6866 7934 8329 8381 8423 9322 9769 9782 11232 11775 12443 16285 16327 17101 17393 17585 17735 19289 20199 20550 21123 21368 21423
210,000=2688 3594 3737 3904 4028 4609 4898 5244 5763 6481 7200 7496 9890 11760 12187 14716 14722 16751 18326 18637 19644 19844 19986 20566
210,084=6383
210,117,000=15028
210,120=6711
210,513=2557
210,575=20527
210-220=14344
210-240=14163
210-250=13972 14052 14171 14548
210-260=14167
210-270=13858
210-bed=19783
210.1=3118 5972 15141
210.16=4218
210.17=12348
210.2=14681
210.34=4076
210.4=8689 10673
210.5=864 8932
210.7=1484
210.8=968
2100=109 801 3149 3815 7054 10942 11013 11040 11436 13801 16245 16756 16785 18942 20472
2107.64=15584
211=47 3169 7543 9160
211,000=212 7948 10032 10089 12187
211,074=5423
211,183=9429
211,300=18223
211,324=10856
211,801=17630
211-524=9353
211.03=6358
211.1=8644 15192
211.2=11416
211.5=16140 16141 20999 21388
211.7=1138 1181 20973
211.89=15906
211.9=7880 9478 15875
2111.47=14664
2114/pc=503
2115=8517
212=9374 9650 13083 15853 15875 16436 16494 19532 20742 20757 21123
212,000=4291 9274 12500 17967 19459 21447
212,043=12224
212,200=793 4091
212,289=13110
212.0=8633
212.1=16848
212.15=15906
212.28=14681
212.5=58 15640
212.50=15622
212.7=10611
212.75=3157
2123=14734
2125=13967
2129=13801
213=1756 3044 3758 5887 6699 9139 13623 13662 19504 21123
213,000=605 7449 9378 11452 18120 19178 20566
213,000,000=6653
213,200=12752
213,287=8140
213,470,000=65
213,500=3999
213,506=19570
213,567=380
213,790=17832
213,809=646
213-1/2=884 11775
213.2=15917
213.30=17460
213.4=2082 21354
213.5=8932
213.50=8871 13588
213.6=2203
213.8=11850 18284
213.87=12757
213.9=10510 15875 16641
2130=81 8679
2130b=13967
214=986 1269 2303 7379 10549 11132 11705 11711 11811 12003 13256 13266
214,000=912 2826 9572 10705 12182 19862
214.0=2042
214.1=8236
214.17=9691
214.4=11953
214.6=3649
214.70=16185
214.9=1314
21449=14477
2146=13322
214p=941
215=1060 1502 1890 3148 3385 5672 6053 6259 6708 6742 8069 8561 9667 10834 11137 11284 16312 16364 16434 20151
215,000=37 12595 14981 16115 19101 20019
215,239=7619
215,700=12752
215,784=12224
215,793=8848
215,821=14093
215-260=14160
215.0=10907
215.1=19068
215.2=11470
215.3=15943 16025
215.6=12664 13033 16207 20910
215.7=3984 8767 9083 20118
215.74=10594
215.8=8211 9441 10284
215.9=3456 15871 20593
21512=13322
216=5274 13980 14136 19390 20706
216,000=327 1643 4791 7398 7516 9615 9894 17223
216,049=13206
216,095=3225
216,117=20381
216,200=4091
216,600=4091 12752
216,697=2825
216,987=1114 1121
216.0=13803
216.03=2744
216.1=6592
216.2=1188 20392
216.33=7818
216.6=13803
216.67=13019
216.8=2789
216.9=20117
216.9-r=11953
2167=14453
217=2221 2744 3086 4692 6410 6665 6921 6928 7186 7871 9160 9182 9638 11124 11781 17460 19930 20226
217,000=327 5003 5731 7449 17010
217,127=12381
217,150=17777
217,200=6078
217,217=4695
217,235=8850
217,449=11811
217,554=18482
217,572=14954
217,852=5431
217,884=9566 9611
217.0=20746
217.2=8644
217.28=4938
217.6=20226
217.88=12348
217.9=4630 17971
217.97=8694
2179=14001
218=9488 12003 15859 15864 16175 19673
218,000=581 4077 5339 9738 10083 10253 11690 12641 12651 20384
218,200=20026
218,864=11340
218-page=17452
218.1=1484
218.2=11499 21315
218.32=9822
218.45=2110 4113
218.46=7221 18527
218.5=6 14276
218.8=9782 11953 15871 20191 20237
2184=14319
2187=14477
2188=14001
21890=14474
219=2110 4232 8728 14737 14964 15859
219,000=6313 6356 12659 17785
219,300=1854
219,593=4554
219,600=13189
219,632=16055 16056
219.2=6721 20999 21388
219.41=9171
219.5=2042
219.54=8125
219.6=11177 11236 11237 14276
219.7=3860 3890
219.8=16643
2190=13801
2199=13801
21p=3217 16207
21st=1282 3225 4299 5094 5769 13527 13666 14843 17934
22=1 37 200 424 456 480 494 545 706 733 756 846 859 882 893 933 953 991 1063 1070 1213 1226 1315 1339 1342 1361 1449 1466 1582 1689 1694 1820 1821 1918 1920 1967 1978 1981 2112 2156 2298 2340 2359 2475 2491 2526 2560 2750 2839 2908 2929 2960 3002 3020 3031 3068 3276 3279 3360 3375 3424 3486 3545 3552 3564 3615 3714 3765 3841 3852 3981 3992 4000 4038 4058 4067 4139 4141 4357 4363 4438 4461 4494 4497 4633 4644 4647 4691 4692 4709 4810 4823 4891 4932 4934 4944 5070 5128 5176 5289 5290 5293 5311 5314 5367 5390 5416 5424 5427 5464 5473 5475 5482 5494 5531 5592 5631 5632 5683 5726 5887 6005 6073 6082 6088 6155 6213 6257 6273 6310 6311 6335 6371 6401 6438 6445 6447 6468 6485 6533 6534 6552 6597 6647 6679 6770 6801 6876 6890 6895 6899 7035 7074 7088 7107 7158 7185 7216 7346 7381 7399 7442 7449 7509 7628 7761 7851 7914 7934 8028 8060 8092 8102 8114 8145 8214 8265 8357 8364 8375 8416 8483 8488 8521 8585 8592 8595 8607 8622 8658 8659 8660 8661 8662 8677 8710 8720 8740 8797 8808 8811 8853 8907 8968 8976 9022 9048 9057 9058 9074 9111 9130 9134 9198 9203 9220 9246 9295 9314 9319 9333 9334 9389 9432 9453 9479 9489 9521 9544 9656 9669 9704 9743 9764 9806 9828 9886 9895 9906 10013 10048 10076 10165 10228 10254 10280 10282 10340 10344 10437 10478 10512 10547 10565 10684 10732 10762 10764 10805 10845 10855 10873 10897 10942 10946 10947 10976 10998 11013 11019 11137 11145 11181 11237 11490 11649 11709 11727 11742 11761 11783 11844 11950 11962 11987 12017 12021 12136 12145 12181 12182 12198 12239 12284 12315 12362 12381 12447 12452 12526 12535 12575 12579 12619 12650 12655 12673 12730 12736 12744 12775 12778 12824 12833 12837 12878 12940 12984 12989 13115 13179 13260 13270 13347 13419 13423 13531 13564 13611 13633 13702 13878 13958 14282 14351 14397 14500 14550 14664 14770 14866 14876 14931 14962 14984 14985 14987 15000 15032 15056 15123 15130 15192 15264 15300 15326 15341 15347 15391 15412 15444 15450 15470 15531 15549 15585 15617 15625 15726 15731 15736 15783 15808 15857 15875 16012 16156 16200 16214 16251 16278 16292 16321 16411 16417 16435 16502 16551 16587 16630 16638 16644 16678 16837 16942 16948 17014 17035 17081 17108 17136 17156 17169 17178 17331 17359 17419 17497 17543 17588 17630 17681 17731 17760 17785 17928 17930 17980 18007 18008 18099 18144 18146 18155 18199 18276 18283 18361 18362 18411 18414 18451 18462 18479 18503 18551 18563 18745 18746 18775 18790 18955 19022 19038 19119 19150 19161 19194 19215 19315 19448 19467 19470 19474 19479 19499 19532 19535 19540 19588 19627 19633 19639 19660 19679 19769 19786 20007 20079 20112 20174 20176 20234 20262 20267 20453 20545 20546 20549 20658 20751 20767 20776 20798 20812 20855 20885 20916 20973 20976 21029 21040 21100 21103 21173 21191 21234 21244 21278 21324 21405 21430 21466
22,000=1759 1768 1843 4747 6573 6927 7161 7323 7483 9865 10678 11690 12849 15675 18531 19715 21304
22,002=7075
22,012=20507
22,016,000=11030
22,068=1910
22,073=1736
22,086=13294 14716 16079
22,109=2765
22,110,000=20401
22,120=3207
22,125=15556
22,141=3215
22,178.02=10686
22,249,000=20314
22,250=16099
22,262=2557
22,300=16198
22,345,718=69
22,386,000=20791
22,500,000=9263
22,522,000=7884
22,550=14802
22,568,000=10538
22,583=258 425
22,609.20=16070
22,669,000=21142
22,700=14010 18930
22,700-metric-tonne-per-year=18920
22,738.67=13350
22,760,000=20728
22,784.65=13350
22,789.11=16105
22,800=8683
22,800,000=6557
22,809=12254
22,865,000=19231
22,895=14802
22,901,000=16428
22,919.54=16198
22,920=14802
22,945,000=15790
22,969,000=6299
22,995=652
22-1/2=6784 8320 9169 9276
22-3/4=714
22-city=9199
22-member=7965
22-month=7493
22-month-old=18361
22-tanker=16366 18329
22-year-old=1733
22.0=2085 4286 8995 11961 12258 13803 14657 15273 19241
22.00=14000
22.0097=14664
22.01=20226
22.04=4223
22.05=20267
22.08=15026
22.09=6999
22.1=3599 4012 4637 4695 4934 7192 7752 13803 15107 19815
22.12=4993 5052 9187
22.13=16117
22.14=5371 19045
22.15p=4094
22.16=15906
22.19=364 6970 7029
22.2=38 717 903 2691 2700 3257 4660 6254 6372 6523 9334 13162 15043 16698 17491 19108 20266 20270
22.20=19713
22.23=12630
22.24=198 9700
22.25=15924 20406
22.26=191 937 12435
22.2p=17900
22.3=1096 2752 2979 4197 4820 5941 6410 6463 6485 7629 7645 10721 15784 15908 16665 17469 18495 19680 20453 20628 21165
22.30=198 11782
22.33=4205
22.34=6370
22.36=13004
22.3p=16175
22.4=161 2471 2478 2839 3661 4152 4290 5531 5684 5692 5993 6279 7793 9112 10529 10757 12149 12182
22.40=13406
22.43=21073
22.44027=827
22.49=17785
22.5=1948 3688 3839 4695 5472 5602 5657 5684 5692 6464 7203 7470 7723 8032 8039 8155 8506 9275 9839 12398 12426 12469 12732 12851 12941 15871 16007 16009 16488 17310 18204 19912 20003 20054 20135 20713 20861 21232 21283 21332 21415
22.50=2896 3119 6798 10860 11070 11988 12630 12935 13794 15035 15908 16314 21228 21319
22.51=20226
22.5p=8702
22.6=200 1320 1327 1689 3657 5422 5741 6437 7450 8008 9995 10165 11028 11481 11690 12160 12799 13142 15264 16045 16410 17375 19046 20497 20614 20802 20928
22.63=5811 17237
22.65=13007
22.66=15143
22.69=9700
22.7=314 1554 1844 6890 7953 8447 9521 11912 12160 18651 20918 20975 21386
22.70=20226
22.74=15906
22.75=6688 9035 20412
22.76=15906
22.78=14685
22.79=7674
22.7p=9177 9189
22.8=124 4113 5327 5452 6129 7620 9190 10447 10470 10867 10924 11630 11727 12875 15515 15561 16207 16264 18973 19142 20471 20497 20634 20639
22.84=15906
22.86=19457
22.88=364
22.9=449 2186 2686 6701 7597 8548 8618 10318 12110 12449 14552 16608 16804 17190 21403
22.907=18491
22.94=5371
22.9p=9741
220=107 1021 1193 2958 3854 4007 4030 4542 4778 5179 5270 5823 6469 6742 7543 7560 7575 9047 9736 11454 11624 11818 13200 15415 16959 17060 17180 17186 18885 19701 20168 20550
220,000=4425 6743 11813 13053 14394 15495 17660 18194 19037
220,041=8335 8339
220,582=11018
220,724=6711
220,838=34
220,911=3901
220-250=14022 14344
220-260=14033 14040 14119 14188 14281
220.0=18838
220.3=9736 10292 15875
220.5=11957 15917
220.52=15906
220.7=7607 17023
220.84=11168 11171
220.9=10130 20476
2200=4171 10996 13801 15048
2202=13801
221=6481 8761 13907 15864 17460 19660 21199
221,000=19844 20878 20975
221,000-bpd=19844
221,200,000=4205
221,376=1655
221,899=14275
221.0=18224
221.1=17965
221.2=4223
221.20=2744
221.3=12391
221.5=1428 21300
221.53=4938
221.6=11667
221.7=11181
221.8=3615 5253 9610 12258 12284
221.9=20165
2213=13967
2213l=13967
2218h=13967
222=2428 2495 4503 4514 4564 4577 5445 5487 10155 11075 20411 20452 20757
222,000=1101 7026 10870 13292 16806 17264
222,143=12240
222,644=7552
222,697=17975
222,720=10573
222,842=12254
222.03=9691
222.1=12820
222.2=5680 6388 15871
222.22=2686
222.3=8460
222.42=13588
222.5=15331
222.6=17555
222.73=8314
222.8=11145
222.94=8125
22240=14474
2229=13553
222p=7174
223=1152 13634 20613
223,000=254 557 1543 7190 10116
223,151,000=5355
223,204=3901
223,297=5566
223,387=9876
223,400=1752
223.0=5680 9176 15590 20598
223.02=6352
223.1=11470
223.16=10349
223.2=5253 5650 17645 21199
223.3=2490 2492 20412
223.33=17155
223.4=20784
223.5=11499
223.6=4196
223.66=8694
223.8=1993
223.9=10130
2235=14477
2239=13801
224=3919 4962 5163 5739 9770 9784 9821 9848 13552 18347 21176
224,000=2964 19714
224,101=18482
224,271=8425
224,312=8127
224,607=19594
224-acre=16622
224.0=10644 10648
224.08=4938
224.09=2744
224.22=13019
224.4=20392
224.6=3740 6592
224.7=1178 1251
224.8=1602 16434
224.87=7957
225=1369 1718 2296 2833 3862 4007 4162 4431 6958 7712 8940 8989 10297 10376 11102 11137 14464 15293 15860 15875 16596 17443 17628 17817 17820 19553
225,000=210 1061 1388 4056 4926 4942 5718 6104 7026 7280 8746 11415 12723 12838 13179 14716 14721 15618 18186 18389 19410 19737 20239 20661 20738 20760
225,083=18332
225,576=5218
225,581=20085
225,810=4563
225,815=4554
225-255=13894
225-share=19064 19490 20861
225.1=21229
225.29=18514
225.30=19294
225.4=4794 20583 20672
225.5=3721
225.60=13169
225.8=1602 12885
225.9=12104 13033 20583 20672
2250=13608 13801
2250.19=15584
2252.18=15584
2253=14457
2258=13322
226=1890 3062 6388 9855 11137 15892 19105 19565
226,000=4276 5576 12901
226,157=7552
226,243=17491
226,300=20026
226,429=10924
226,560=11305
226,653,000=66
226,791=6273
226,942=10680
226.0=20593
226.03=18439
226.07=4811
226.28=15906
226.4=7734 15026 15103
226.42=13019
226.5=717
226.56=18427
226.6=7258
226.9=2722
2267.21=15584
227=2576 3871 9362 10309 10367 11137 12453 19765
227,000=2276 8045
227,500=313 12975
227.1=4318 18152
227.11=14681
227.3=6583
227.38=19294
227.5=6466 16987
227.5p=16152
227.6=9820
227.7=1602
227p=6363
227x=10970
228=2303 3067 3137 3510 4079 4118 7428 7499 10246 11870 12034 13499 14453 16116 17749
228,000=1554 9610 13097 13179 15632 20443 20947
228,691=20374
228-room=379
228.2=11181
228.27=18424
228.4=20119
228.5=4621 4626
228.7=717 18084
228.74=2956
228.8=15881
228.86=9171
228.9=9952 20132 20346
228.97=11781
2280=13801
2282=13801
2286=13967
2288l=13967
2289.99=15584
229=8760 16175 18347 19090 20566
229,000=1258 1803 12187 21205
229,176=2557
229,463=1020
229.05=19294
229.06=8694
229.11=9691
229.2=11494
229.6=8328 21308
229.7=21283
229.83=8694
229/230=9941 10367
2290h=13967
2291.13=15584
2292.92=15584
2295=13801
22nd=6215 17297
22p=15380
23=5 9 126 146 163 201 234 322 324 335 386 393 406 482 530 585 591 633 714 732 807 809 1072 1082 1213 1277 1315 1323 1326 1329 1339 1402 1545 1575 1577 1689 1749 1906 1918 1926 1930 1934 1942 1944 1948 1967 1979 2018 2082 2198 2199 2235 2259 2266 2281 2293 2354 2372 2389 2433 2468 2478 2521 2554 2593 2671 2725 2744 2972 2979 3184 3194 3270 3276 3310 3321 3330 3401 3461 3491 3493 3526 3580 3598 3602 3603 3623 3634 3685 3687 3734 3750 3774 3775 3840 3859 3860 3868 3875 3891 3905 3981 3989 3995 4012 4079 4095 4108 4116 4118 4194 4205 4244 4354 4380 4412 4491 4498 4504 4551 4560 4567 4777 4932 4985 5058 5072 5081 5085 5135 5145 5190 5211 5231 5385 5390 5411 5412 5462 5492 5495 5513 5520 5539 5585 5592 5669 5671 5714 5822 5882 6019 6203 6231 6238 6263 6279 6321 6323 6325 6331 6363 6441 6456 6513 6526 6551 6570 6689 6726 6745 6748 6770 6785 6799 6825 6890 6931 7048 7191 7244 7309 7316 7330 7367 7376 7418 7440 7442 7475 7476 7512 7538 7575 7607 7621 7646 7650 7684 7711 7730 7781 7841 7932 7997 8042 8135 8170 8171 8221 8240 8320 8392 8393 8422 8467 8553 8571 8585 8597 8642 8650 8661 8748 8753 8767 8803 8865 8867 8899 8901 8959 8990 9012 9035 9098 9169 9179 9221 9276 9378 9386 9401 9520 9521 9642 9705 9734 9765 9802 10208 10227 10386 10423 10431 10440 10607 10611 10623 10698 10810 10825 10830 10908 10921 10973 11028 11075 11085 11095 11171 11178 11179 11183 11317 11407 11424 11564 11575 11622 11630 11649 11674 11703 11724 11755 11822 11823 11926 11932 11994 12078 12153 12419 12429 12505 12572 12714 12732 12734 12774 12798 12904 13100 13157 13265 13473 13481 13588 13670 13717 13799 14126 14173 14208 14302 14486 14505 14612 14651 14702 14739 14829 14832 14840 15013 15043 15057 15073 15255 15270 15292 15299 15374 15402 15466 15479 15580 15597 15641 15655 15730 15788 15798 15840 15857 15952 16173 16175 16342 16390 16420 16461 16480 16492 16512 16515 16568 16630 16641 16681 16775 16805 16937 16948 16965 16996 16998 17053 17086 17169 17461 17489 17510 17555 17667 17695 17696 17755 17768 17862 17863 17896 17970 17992 18023 18157 18252 18274 18342 18362 18446 18461 18474 18531 18556 18585 18600 18610 18628 18721 18829 19040 19075 19082 19094 19097 19162 19164 19178 19341 19427 19435 19577 19581 19638 19708 19727 19783 19954 19973 20023 20054 20101 20135 20142 20202 20259 20300 20308 20370 20438 20470 20524 20618 20621 20634 20690 20698 20751 20863 20913 20926 21009 21029 21052 21173 21189 21195 21247 21258 21411 21419
23,000=1426 2033 2350 8055 8569 8792 12042 14864 16441 19695
23,024=9098
23,085=340 10135
23,190=16197
23,191,000=7880
23,194=7842
23,200,000=13877
23,238=2765
23,250=13393
23,300,000=9605
23,400=17622 17632
23,434,000=15626
23,438=16197
23,442=7351 9400
23,457=11885
23,480=18493
23,500=3259 14537
23,527=17607
23,560=3207
23,580,000=19231
23,595=12254
23,600=6672
23,602,000=15590
23,675,000=2806
23,693=7842
23,713=12224
23,742,000=15790
23,750=11589
23,762,000=20191
23,803=8683
23,869=6189
23,899=13108
23,900=1430
23,910=652
23,954=12254
23,961=12360
23,992=7842
23-1=16932
23-1/2=15835
23-20=11471
23-24=17257
23-27=13465
23-30=7448
23-30/4=12162
23-day=11195 11244
23-mln-dlr=15850
23-year-old=6338 16491 16504
23.0=466 2938 3036 4765 6540 7019 8030 10318 11700 11898 12269 12649 13656 14971 16813 16824 21281 21322
23.00=16116 18222
23.02=17785
23.03=15906
23.07=15906
23.1=483 783 1643 2406 3039 3639 4313 5354 5464 5782 6785 8540 8547 11520 12258 12922 14697 15327 16361 16368 21379
23.11=13076
23.1441/1905=13324
23.18=364
23.19=9888
23.2=198 899 2596 4223 4273 4636 5678 7902 9810 10190 10544 10632 14860 15109 15192 16206 16350 16478 16804 18405 20479 20976 21103
23.2057/2521=13324
23.25=15531 15726
23.28=2684
23.29=18491
23.3=140 940 1404 1764 2833 4094 4141 6201 7192 8925 9641 11912 16016 16812 19549 20170
23.31=9171
23.33=12751 18739 19184
23.37=15906
23.39=15906
23.4=7200 8582 8979 15043 16804 17555 17646
