3.254=11656 12307
3.255=880
3.258=9634
3.25p=3480
3.26=1469 2205 2366 6549 8041 9691 14675
3.260=9634
3.27=1681 6738 6968 20837
3.27-3.32=14371
3.28=1159 1209 2101 4921 5311 6601 6935 8065 8272 8976 9956 11827 12829 15351 20235 20988
3.286=1154
3.29=9075 10931 15906 16664 17875
3.3=316 432 541 577 940 1068 1079 1178 1272 1453 1502 1694 2550 3193 3462 3472 3520 3539 3573 3615 3995 4167 4573 4640 5092 5388 5830 5955 6541 6890 6975 7015 7583 7673 7752 8056 8485 8868 8970 9078 9098 9135 9460 9472 10313 10434 10524 10757 10829 11083 11455 11577 11732 11850 12160 12443 12496 12995 13058 13192 13256 13266 13494 13537 13765 14397 15043 15604 15733 16141 16361 16423 16478 16585 16600 16887 17199 17352 17402 17442 17549 17834 17901 18144 18292 18354 18991 19259 19590 19653 20151 21368 21423 21486
3.30=481 3554 7013 8033 9634 11123 12432 14595 15914 15922 17573 18134 19536 20807 20954
3.31=772 9634 10372 12271 15906
3.314=3447 3530
3.32=313 3657 6198 6297 21016
3.33=3860 3995 6406 6893 6968 7579 7904 8350 11602 15715 15906 18229 21095 21142
3.332=9012
3.335=2423
3.34=1582 2108 3512 7264 9521 14785 15043 15380 16438 17903 18490
3.34p=899
3.35=1140 1229 1764 3273 4710 4797 5225 5474 10017 15906 16116 18858 20129 20213 20614
3.36=4777 8350 10372 12266 17251 20138 20187 20833
3.37=1080 1878 5214 6653 6699 7579 10145 10792 15065 15509 17241 20598
3.373=16650
3.375=8004 18950
3.38=4773 6601 8132 12050 16074 17241 21146
3.381=21381
3.383=3439 3447 3530
3.39=322 5274 15715 20166
3.3974=18874
3.4=374 432 530 940 1019 1388 1764 1808 1856 2026 2132 2540 3356 3456 3899 4047 4081 4092 4527 4744 4811 4842 4944 5241 5389 5523 5846 6063 6406 6965 7583 7606 8047 8158 8644 8677 9196 9642 9691 9700 10285 10318 10383 10724 10756 10757 11280 11827 11987 12407 12416 12466 12827 13809 14853 15141 15287 15427 15594 15871 15896 15929 16053 16159 16207 16361 16368 16655 16783 16940 16987 16990 17193 17383 17620 17901 18008 19295 19590 19625 20095 20168 20546 20569 20576 20807
3.40=1044 2978 3995 4623 5214 14732 15723 18162 18199 20340
3.40/50=9975
3.40n=14685
3.41=1644 3946 4082 9639 10349 10436 11771 17961 21103
3.42=5511 6935 7838 8946 10361 10525 10907
3.4261=19205
3.43=422 5525 6760 6893 15969
3.435=10715 16237
3.44=1756 1878 1946 4016 5214 6047 6935 7264 9634 17937 21095
3.45=1380 2311 2715 4610 6111 13331 16044 20384
3.45-4.24=15875
3.45-4.25=15875
3.450=4573
3.46=293 11802 12526 15451 15969
3.467=2858 3348
3.47=29 313 2674 16072 17251 17964 21356
3.48=5146 7838 8633 14666 20475
3.482=1308
3.486=21381
3.49=9465 10083 15922
3.5=110 141 179 273 355 362 432 434 749 889 940 955 966 987 1335 1582 1764 1927 1990 2074 2194 2416 2715 2775 2916 3019 3065 3336 3380 3593 3816 3861 3864 3870 3981 4010 4060 4179 4246 4625 4629 4673 4727 4944 4951 5061 5245 5447 5467 5630 5631 5761 5830 5846 5848 5885 5900 6228 6349 6471 6694 6735 6759 6890 6959 6977 7135 7151 7447 7497 7628 7678 7752 8153 8271 8277 8315 8399 8417 8901 8990 9057 9164 9176 9229 9521 9537 9557 9655 9717 9769 9861 9869 10138 10150 10190 10195 10202 10246 10266 10285 10289 10353 10486 10543 10553 10567 10706 10733 10778 10799 10829 10835 11083 11092 11149 11191 11447 11486 11491 11591 11649 11850 11948 12006 12048 12077 12160 12202 12351 12402 12434 12496 12788 12799 12902 12931 13053 13488 14763 14837 15035 15212 15551 15697 15742 15871 16005 16081 16582 16703 16727 16752 16940 16987 17122 17164 17276 17385 17490 17551 17620 17849 17902 18009 18024 18366 18455 18479 18503 18541 18632 18834 18996 19000 19061 19625 19710 19785 19979 20255 20723 20946 21070 21223 21302 21423
3.5-4.0=13496
3.5-5.5=17193
3.5-inch=763
3.5-mln-dlr=19465
3.50=164 1018 1990 2666 3173 4495 5293 5888 6079 7102 7253 8162 9581 9975 11208 11234 12965 13406 13493 13610 13867 14289 14690 14993 16513 17212 17899 17922 17986 18086 18324 18481 18526 18561 18578 18593 18886 19136 19301 19565 21264
3.50-=13465
3.50-dlr-per-share=12965
3.50/60=10741
3.50/70=18086
3.500=8004
3.5000=7538 14813
3.501=15448
3.51=4045 8946 9836 12351 13471
3.52=221 17427
3.523=16650
3.53=7826 8179 8325 11168 11672 16628 20233
3.531=15935
3.54=1108 4679 8164
3.55=5274 10116 12893 13191 13496 14268 14450 15093 15914 16874 17620 18086 19200 19326 20896
3.55/65=9975
3.56=3062 4132 5371 17896
3.5625=18501 19512
3.57=221 6935 8946 11168 15374
3.575=16090 16199
3.576=12307 12706
3.58=271 1582 2160 4117 4644 6890 7531 9521 15043 16074 19050
3.59=1469 1556 5587 11123 16628
3.5p=18483 18497
3.6=179 198 230 240 270 278 315 347 350 432 434 509 602 651 708 940 1147 1211 1428 1459 1578 1927 2053 2269 2528 2619 2769 3397 3408 3468 3510 3534 3825 4951 5039 5061 5146 5178 5196 5264 5711 5996 6277 6758 6760 6860 6880 7015 7099 7176 7200 7251 7424 8117 8153 8283 8347 8611 8644 8848 8997 9046 9175 9417 9700 9741 10040 10568 11076 11505 11577 11912 12405 12444 12818 13142 13256 13266 13291 13892 14262 14666 14830 14849 15058 15135 15287 15335 16031 16159 16360 16400 16424 16648 16893 16937 16992 17139 17276 17431 17549 17612 17784 17901 18003 18032 18086 18343 18365 18433 18496 18991 19082 19283 19650 19791 19806 19947 20546 20999 21223 21368 21423
3.6-3.8=13496
3.60=8033 14417 14426 14481 14614 14732 20038 20500 20529 20837 20868
3.60/70=8677 13496 18086
3.6003=19512
3.6004=19512
3.6005=18501
3.61=6952 16094 16357 16367 16752 17374 20453
3.62=9707 11504 11805 18298
3.625=9350
3.6250=13390 14813 19512
3.63=305 7531 8777 20273 20309 21211
3.64=322 924 3657 4205 6047 6605 15509 16238 20393
3.65=1044 1047 1297 4016 5274 6437 8683 8794 13496 14690 14891 15213 15374 20291
3.65/75=15444
3.6501=13397
3.6503=19512
3.6506=13293
3.6528=13397
3.6534=13293
3.65p=18514
3.66=66 160 293 2311 2715 2806 6301 9210 10130 11208 12428 18084 20170 20354
3.6670/6750=13324
3.67=221 1108 3995 15910 15922 20392
3.671=17196
3.6760/6840=13324
3.68=6880 16865
3.6875=13390
3.69=72 1019 9615 9940 11813 12432 19581
3.7=6 330 335 896 899 1582 1667 1764 1999 2522 2618 2619 2889 2982 2994 3488 3762 3786 4031 4581 4877 5245 5725 5842 5846 6721 6880 6890 6939 7014 7151 7352 7465 7583 7775 7849 8026 8052 8173 8530 9273 9352 9521 9682 9749 9974 10298 10455 10737 10746 11367 11755 11846 11894 11912 12115 12358 12374 12405 12477 12788 12818 12878 13328 13852 14612 14616 15043 15888 16164 16195 16424 16892 17143 17193 17263 17454 17469 17621 18170 18355 18433 18911 18985 19347 19784 20208 21081
3.70=97 1016 6893 11820 13423 14109 14374 14426 14690 15374 15444 15625 15928 17396 17427 18470 20038
3.70/80=10741 11234
3.7001=12654
3.71=2221 8777 20286
3.7172/7246=13324
3.72=3488 7722 8132 13900 15914 21388
3.7271/7345=13324
3.73=9702 15833 18470 18563
3.74=4745 5264 6605 10699 10702 11123 13900 15390 20324
3.7495/98=242
3.7498/7501=915
3.7498/7503=16161
3.7499/7504=17204
3.75=4450 4753 5379 5888 10313 10394 10816 11234 12579 12771 12917 13187 14614 14979 15314 15736 17185 17796 18950 18994 18996 19000 19005 19511 21113
3.75/80=3514 6426
3.75/85=8677 15444 18086
3.750=8004
3.7500=7538 13416 13530
3.7500/03=242 16161
3.7500/04=15410
3.7500/05=9753
3.7501/03=915
3.7506/09=9753
3.7507/09=15410
3.75p=15427
3.76=10956 16586 20392
3.77=4113 18973 20346
3.775=13167
3.78=1582 5767 6890 9521 12394 15043 18024 20249 20463
3.79=2619 11771 12395 17922 20938
3.7991=13416 13530
3.8=45 273 319 374 802 896 1147 1459 1582 1734 2522 2686 3019 3065 3486 3870 3996 4094 4097 4906 5709 5842 6352 6890 7583 8085 8091 8130 8311 8330 8706 8746 8794 8970 9034 9521 9636 9667 10150 10553 10567 11776 12429 13022 13328 13735 14771 14849 15043 15369 15660 16487 16517 16760 16775 16939 17128 17175 17382 17385 17620 17808 17886 17999 18428 18454 18463 18542 18916 19428 19494 19564 19653 20168 20717 20807 20912 21302
3.80=3514 6426 8145 8677 9210 9277 10741 11123 11820 13379 13404 13496 13531 14268 14450 14675 14849 15384 15444 15625 16942 17396 17876 17986 20038 20500 20868 21277
3.80/85=3514 13496
3.80/90=926 942 5241 13496
3.802=277
3.8050=1949
3.81=1019 6601 8683 11771 12341
3.8125=13416 13530 17258
3.82=3022 10349 10408
3.8241=1949
3.83=2471 3853 5767 13322 15488 20324
3.84=2033 2978 4777 19570
3.8498=17258
3.85=884 1016 1529 1582 4244 4692 5371 5501 6259 6353 6588 6890 9521 11713 11775 13482 15043 15370 20038 20500 20868 21277
3.85/95=926 942 11820
3.8502=13416 13530
3.86=374 2806 5765 9133 17427
3.87=126 422 3062 5526 9700 9708 16640 16680 17901 20938 21385
3.875=7538
3.8750=11195 11244 13390 16177
3.876=14573
3.8784=19209
3.879=3348
3.88=2221 3517 4045 9706 9707 11239 12277 13014 21248
3.885=7904
3.89=10297 10341 10376 10394 10746
3.8990=11195 11244
3.8992=11195 11244
3.8995=10711
3.8999=16177
3.8p=3456
3.9=203 289 696 802 1427 1621 1764 1854 1898 1965 2960 3105 3456 3516 3786 4175 4500 4695 4800 4931 5092 5129 5311 5447 5462 5523 5626 5830 5941 6073 6201 6349 6795 7359 7584 7588 7591 8582 8706 8854 8877 9046 9641 10246 10708 10999 11331 11589 11644 11649 12115 12221 12294 14500 14771 15057 15294 15353 16270 16361 16680 16783 16923 18302 18780 19164 19436 19651 20151 20822 21142 21379
3.9-=4230
3.90=4238 6304 8032 8039 11239 11413 17986 18503 20868
3.90/4.0=5241
3.90/4.00=13496
3.90/95=6426
3.905=13411 13446
3.9050=1949
3.91=9706 9707 11168 15723 17357
3.92=880 3833 10956 11827 15351 17659 18061 20233 20324
3.9246=1949
3.926=11124
3.93=7211 14685
3.930=13411
3.9375=4068 4119 5809 5853 9167 9219 10259 10711 13390 20854
3.939=2858
3.94=12428 12521 15914
3.9495=9167 9219
3.9496=4068 4119
3.9497=5809 5853
3.95=541 896 1132 5241 7726 9133 12452 13285 14268 14450 14675 15914 16116 20249 20463
3.9505=10259
3.9543=19205
3.955=13411 13446
3.95p=899
3.96=9634 16367 21381
3.97=4137 16074 17876
3.9737=7845
3.98=50 1343 7061 7883 8272 10931 15910 16074 19067
3.98/86=18501
3.99=2319 5767 9956 20304 21146
3.9989=1921 1973
3.9994=1921 1973
3/1=13130
3/16=3137 3513 6408 9448 10727 13346 13420 13533 14889 17575 17593 18505
3/2=14671
3/28a=17333
3/31=14685
3/4=1928 1950 1977 1986 2389 2610 2725 3470 3495 3991 4271 4667 4706 6627 7014 7313 7763 8844 9319 9487 9740 9947 10405 10410 10810 11121 11184 11240 11807 11926 12410 12445 12446 13208 13346 13453 13473 13481 13533 13990 13995 14011 14014 14046 14078 14192 14241 14243 14279 14301 14368 14392 14450 14518 14700 14708 14724 14791 14871 14897 14902 15377 15395 15402 15518 15673 15813 16656 16997 17355 18023 18446 19052 19151 19721 20465
3/8=242 660 768 884 1086 1089 1163 1194 1349 1928 1992 2143 2158 2375 2610 2704 2799 3102 3136 3198 3698 3732 4073 4222 4688 4702 5515 5927 6468 6545 6614 6984 7391 7414 8682 9394 9750 9753 9775 10735 11775 12383 13183 13396 13446 13938 13995 14102 14279 14609 14780 15589 15673 15857 16161 16501 16904 17812 17931 17941 18156 18474 18843 19090 19535
30=18 42 45 56 57 74 85 109 148 170 173 200 206 221 227 232 246 248 250 282 301 305 322 370 372 381 387 389 393 404 408 420 454 489 502 523 528 538 540 552 555 568 588 592 598 603 620 633 635 642 652 674 705 714 724 730 731 732 749 770 777 778 795 820 823 849 874 875 898 922 936 963 968 996 1011 1169 1171 1172 1179 1207 1213 1227 1244 1266 1269 1288 1295 1312 1315 1339 1340 1367 1391 1417 1424 1427 1461 1463 1483 1507 1534 1535 1563 1570 1590 1621 1622 1623 1634 1657 1679 1685 1692 1715 1731 1808 1820 1825 1840 1842 1854 1861 1868 1869 1918 1919 1923 1931 1935 1941 1948 1950 1972 1977 1980 1986 2045 2059 2081 2099 2115 2132 2133 2139 2163 2208 2265 2275 2287 2307 2308 2310 2331 2339 2340 2367 2383 2404 2416 2428 2470 2475 2534 2558 2568 2611 2614 2631 2639 2720 2754 2770 2781 2788 2797 2824 2830 2879 2890 2914 2957 2958 2961 2964 2966 2978 2989 2997 3036 3056 3070 3081 3117 3138 3180 3187 3191 3205 3217 3221 3238 3240 3250 3267 3269 3277 3323 3339 3360 3371 3409 3414 3425 3430 3438 3454 3471 3486 3487 3488 3508 3514 3517 3529 3550 3558 3559 3575 3578 3582 3593 3620 3631 3659 3667 3671 3728 3731 3743 3773 3776 3779 3792 3797 3802 3815 3817 3818 3833 3865 3924 3936 3942 3943 3951 3952 3965 3974 3981 4049 4057 4059 4063 4071 4072 4094 4145 4177 4183 4198 4199 4212 4215 4221 4228 4233 4245 4310 4323 4331 4349 4365 4372 4384 4387 4388 4404 4406 4410 4418 4422 4441 4444 4470 4502 4517 4546 4548 4554 4599 4603 4607 4608 4610 4613 4630 4643 4645 4650 4681 4682 4696 4699 4702 4720 4731 4736 4751 4783 4798 4823 4849 4858 4870 4878 4893 4894 4907 4922 4935 4971 4991 4998 5009 5013 5023 5026 5031 5036 5054 5055 5056 5075 5080 5099 5104 5116 5119 5120 5131 5135 5174 5179 5180 5189 5203 5212 5235 5241 5270 5276 5277 5278 5300 5345 5374 5377 5380 5383 5400 5406 5412 5413 5435 5455 5468 5502 5512 5514 5515 5542 5603 5612 5631 5635 5636 5660 5705 5716 5721 5722 5727 5732 5765 5772 5775 5779 5808 5813 5816 5829 5834 5843 5852 5871 5884 5888 5907 5914 5936 5962 5985 5991 6007 6052 6082 6112 6130 6132 6144 6151 6180 6195 6209 6215 6219 6221 6249 6275 6277 6285 6307 6312 6322 6327 6329 6334 6360 6379 6386 6396 6410 6442 6457 6488 6506 6507 6517 6525 6538 6539 6541 6558 6559 6575 6577 6592 6599 6603 6604 6605 6618 6638 6639 6653 6656 6658 6665 6686 6720 6722 6742 6748 6751 6752 6763 6776 6777 6785 6788 6798 6802 6814 6837 6838 6844 6861 6862 6864 6881 6894 6936 6937 6956 6966 6968 6977 6980 6981 6985 6992 7014 7032 7043 7048 7073 7120 7132 7141 7161 7178 7211 7253 7260 7267 7276 7283 7288 7323 7365 7366 7395 7413 7415 7455 7473 7475 7512 7517 7518 7539 7540 7557 7559 7567 7569 7586 7589 7607 7617 7622 7642 7643 7644 7655 7673 7682 7684 7686 7690 7710 7717 7729 7756 7761 7776 7834 7835 7848 7851 7872 7876 7879 7933 7951 7985 7990 8003 8013 8023 8024 8055 8060 8065 8073 8085 8091 8104 8108 8114 8130 8134 8143 8164 8225 8228 8238 8248 8255 8268 8269 8270 8282 8286 8317 8318 8325 8329 8346 8373 8378 8390 8407 8410 8414 8415 8418 8444 8460 8474 8485 8490 8494 8523 8544 8569 8572 8625 8649 8679 8680 8687 8689 8700 8704 8731 8755 8782 8788 8791 8796 8806 8819 8820 8828 8843 8844 8863 8871 8901 8903 8912 8914 8923 8929 8933 8940 8941 8946 8949 8967 8974 8980 8990 8994 8995 9018 9021 9023 9031 9072 9088 9093 9108 9130 9136 9166 9211 9222 9245 9255 9271 9272 9293 9310 9325 9332 9335 9336 9351 9360 9369 9385 9391 9399 9402 9418 9422 9446 9468 9481 9484 9503 9537 9540 9543 9544 9550 9576 9577 9582 9583 9592 9596 9599 9601 9603 9623 9627 9639 9641 9672 9676 9706 9710 9722 9732 9736 9754 9764 9792 9861 9889 9909 9915 9985 9989 10038 10044 10053 10061 10085 10091 10092 10103 10112 10162 10163 10164 10169 10172 10180 10217 10242 10251 10274 10278 10280 10282 10325 10342 10347 10350 10361 10373 10382 10385 10388 10389 10396 10420 10429 10450 10458 10460 10468 10527 10544 10552 10566 10605 10637 10644 10656 10670 10700 10701 10706 10717 10719 10733 10734 10735 10745 10763 10773 10799 10822 10825 10836 10891 10893 10894 10902 10904 10927 10945 10947 10952 10955 10969 10971 10994 10996 11023 11026 11060 11064 11098 11105 11118 11119 11125 11149 11153 11166 11180 11181 11210 11217 11221 11224 11241 11243 11251 11265 11292 11327 11332 11339 11349 11365 11389 11396 11398 11418 11426 11428 11476 11493 11497 11500 11515 11533 11535 11558 11568 11569 11571 11580 11615 11624 11649 11656 11677 11678 11687 11708 11711 11720 11736 11741 11753 11757 11781 11797 11819 11820 11823 11824 11828 11837 11843 11853 11869 11880 11882 11908 11933 12001 12004 12011 12031 12038 12041 12045 12055 12060 12064 12088 12141 12146 12160 12174 12180 12186 12205 12228 12269 12277 12284 12307 12309 12322 12323 12363 12372 12399 12400 12405 12412 12467 12476 12481 12496 12510 12537 12557 12602 12621 12633 12647 12662 12711 12732 12734 12739 12741 12742 12750 12751 12756 12764 12767 12783 12824 12830 12850 12865 12870 12876 12879 12887 12903 12924 12929 12932 12956 12977 12994 13005 13012 13023 13041 13073 13087 13089 13121 13174 13206 13214 13228 13234 13254 13260 13264 13277 13298 13322 13331 13417 13453 13462 13470 13481 13534 13564 13616 13627 13671 13708 13744 13787 13801 13850 13881 13904 13942 14043 14098 14143 14195 14208 14280 14367 14395 14398 14435 14440 14462 14509 14512 14517 14518 14546 14619 14626 14679 14690 14697 14715 14729 14761 14826 14828 14842 14853 14868 14869 14871 14888 14891 14896 14898 14900 14901 14902 14903 14933 14947 14953 14956 14959 14975 14976 14984 15029 15032 15057 15063 15066 15077 15098 15106 15125 15127 15175 15190 15213 15219 15233 15240 15273 15289 15291 15314 15333 15335 15341 15342 15349 15352 15353 15369 15374 15385 15393 15398 15403 15404 15409 15412 15414 15417 15425 15437 15447 15471 15474 15481 15511 15527 15558 15598 15602 15632 15639 15655 15671 15678 15686 15702 15708 15713 15720 15722 15746 15747 15753 15780 15781 15789 15792 15799 15800 15801 15835 15853 15875 15901 15919 15930 15939 15989 15999 16003 16013 16023 16024 16030 16044 16068 16072 16074 16096 16097 16103 16116 16119 16128 16144 16151 16155 16166 16180 16211 16216 16245 16278 16300 16309 16332 16352 16358 16359 16369 16387 16389 16392 16393 16394 16396 16409 16425 16431 16454 16468 16469 16470 16471 16472 16473 16508 16521 16543 16551 16564 16574 16593 16601 16608 16609 16611 16613 16667 16681 16682 16710 16715 16718 16727 16756 16768 16769 16785 16833 16838 16844 16864 16867 16873 16876 16904 16909 16938 16939 16941 16946 16961 16963 17014 17023 17070 17095 17105 17109 17113 17148 17163 17176 17178 17179 17181 17194 17195 17203 17212 17224 17228 17239 17257 17261 17282 17285 17295 17296 17299 17304 17329 17332 17351 17385 17396 17405 17418 17428 17433 17434 17438 17449 17460 17474 17480 17486 17506 17511 17516 17542 17554 17566 17573 17583 17588 17604 17613 17614 17631 17640 17641 17646 17661 17674 17680 17682 17700 17704 17721 17734 17738 17755 17763 17783 17786 17795 17805 17812 17857 17858 17862 17872 17890 17892 17910 17917 17923 17930 17941 17945 17946 17952 17956 17957 17965 17970 17977 17988 18009 18015 18023 18125 18127 18144 18158 18186 18189 18195 18204 18208 18223 18238 18241 18242 18243 18263 18274 18281 18282 18290 18301 18309 18312 18327 18330 18337 18347 18351 18355 18369 18378 18380 18387 18388 18389 18399 18408 18412 18425 18441 18451 18479 18481 18493 18512 18521 18523 18526 18530 18531 18547 18556 18588 18591 18606 18614 18616 18617 18618 18619 18620 18622 18632 18640 18641 18646 18647 18649 18659 18663 18684 18687 18694 18703 18751 18755 18757 18764 18784 18794 18802 18825 18833 18838 18839 18858 18874 18919 18924 18934 18937 18942 18955 18964 18976 18977 18996 19038 19040 19050 19066 19067 19091 19093 19094 19123 19131 19132 19135 19151 19164 19172 19175 19178 19181 19185 19190 19191 19194 19197 19204 19205 19209 19219 19220 19241 19242 19259 19260 19280 19289 19292 19309 19310 19315 19326 19333 19335 19365 19369 19370 19376 19388 19396 19399 19407 19409 19433 19438 19442 19449 19475 19492 19514 19526 19532 19534 19552 19553 19581 19597 19598 19623 19638 19651 19656 19681 19682 19715 19717 19736 19747 19752 19775 19784 19825 19833 19837 19841 19857 19862 19865 19873 19919 19930 19933 19941 19948 19949 19954 19962 19966 19968 19971 19979 19982 20005 20054 20124 20140 20188 20204 20212 20219 20234 20237 20242 20252 20264 20268 20278 20279 20304 20339 20341 20351 20360 20365 20367 20374 20375 20382 20401 20416 20442 20468 20471 20477 20493 20516 20517 20531 20535 20538 20539 20540 20545 20546 20558 20568 20578 20581 20596 20601 20606 20608 20618 20624 20627 20642 20661 20663 20673 20689 20690 20698 20701 20708 20711 20741 20751 20760 20763 20782 20798 20810 20815 20831 20838 20843 20895 20905 20912 20936 20967 21017 21020 21022 21033 21037 21038 21043 21050 21052 21057 21062 21078 21086 21092 21094 21108 21123 21132 21140 21143 21148 21158 21164 21174 21181 21182 21199 21222 21224 21225 21236 21252 21260 21271 21276 21296 21302 21304 21332 21347 21352 21367 21379 21401 21402 21417 21459 21461 21474 21493
30,000=267 1343 1753 1952 2172 2257 2271 2382 2395 2456 2572 2578 2618 2988 3217 3904 3957 4117 4724 4846 4983 5113 5398 5514 5741 6079 6541 6626 6973 7119 7192 7660 7753 8068 8081 8131 8210 8360 8384 8528 8581 8800 9018 9071 9093 9190 9253 9486 9812 10300 10398 10415 10486 10489 10705 10970 11007 11063 11177 11445 11601 11885 11886 11978 12638 12872 12971 12999 13096 13462 13772 14126 14878 14886 15531 15726 15729 15834 15917 15997 16008 16093 16185 16327 16562 16749 17341 18258 18407 18637 18954 19069 19145 19392 20261 21322
30,000-member=18888
30,000/35,000=15728
30,030.3=15871
30,034,873=13687
30,067,000=11727
30,142,000=1138
30,145=8935
30,145,000=21480
30,157,000=21480
30,160,000=10564
30,170=21178
30,171,000=6601
30,236=13900
30,300=18300
30,400=9334
30,458,000=4291
30,458,100=4373
30,467=3211
30,500=2456 10328
30,599=4721 4738
30,600=13772 15286
30,634=1599
30,643=19067
30,700=3901 7026
30,732=1009
30,743,000=21055
30,782,000=21055
30,800=3991
30,825=1662
30,850=652
30,865=13900
30,899,000=13717
30,900=19286
30,909=8848 9046
30,938,000=18591
30,963,598=11680
30,969=9103
30-1/2=17554 19135
30-1/8=19181 20744
30-123=12016 12040
30-124=11941
30-140=16274
30-174=15560 15610
30-176=13827 14084
30-179=16274
30-273=12880 12919 13827
30-35=1299 2998
30-40=56 7804 17654 17714 19588
30-5/8=2799 15019
30-69=11941 12016
30-87=15560
30-89=12880
30-april=14131
30-cent-per-bushel=18409
30-ct=7979
30-day=1694 2480 2966 5311 5517 6406 8272 10786 10931 12111 15982 16096 18220 18596 19909
30-inch=8914
30-megawatt=19663
30-member=8450
30-minute=3064 6326
30-mln-dlr=19264
30-month=21137
30-share=20102
30-ship=21013
30-stock=3965
30-year=223 1400 1501 1700 1800 3509 4205 5869 6676 7036 7227 7373 7551 7945 8937 11103 13208 13261 13446 13592 14608 15181 15216 15848 16565 17396 17490 19611
30-year-old=10258
30.0=1096 1200 8611 9021 12379 12520 14483 15871 15958 16263 17543 17716 20206 20220 20453 21415
30.03/06=15625
30.04/07=13379 14043
30.050=12780
30.055=12780 13531
30.06=1924 9700
30.060=13531
30.07=198 1556
30.075=9842
30.08=9700
30.1=968 1181 3456 5941 6288 6773 12759 18497 18964
30.11=1174
30.12=4100
30.13=9700
30.1503=14664
30.2=1551 6559 8579 10840 13286 15871 17924 17926 18635
30.21=13192
30.27=4623
30.3=444 2048 3023 3261 3541 3870 5494 5969 6456 7287 7476 7790 8394 11724 12296 12705 16263 21490
30.35=11346
30.375=4937
30.4=2075 3085 7074 9283 9382 9820 11879 15714 16294 16312 17812 18997 19337 20304
30.43=16434
30.44=10754
30.5=72 1650 2551 7488 8073 8614 9231 10168 10224 20539 20781 20813
30.50=1463 2045 5413 8373 12527
30.55=562
30.5p=8702
30.6=100 3615 4430 5890 5948 7287 9019 10099 10284 10612 10988 11564 11823 15192 16063 16642 20975 21379
30.61=10754
30.625=904 4235
30.63=4137
30.64=416 9700
30.67=16139
30.68=198 9145 9700
30.7=220 4685 4754 8506 13656 14872 15438 17153 18563 20598 21014
30.74=12378
30.76=19959
30.8=572 3786 4205 4216 6271 6765 7871 8090 9174 9235 13803 15000 16378 19099 20400 20558 20646
30.9=640 1528 3371 3894 7427 9741 10190 13890 16378 17869 20453
30.95=2994
30/32=14599
30/40=10367
300=61 111 192 237 264 278 296 322 331 344 515 523 564 602 913 927 935 954 971 1131 1194 1336 1416 1421 1534 1535 1547 1559 1596 1604 1695 1724 1825 1906 1921 1941 1972 1973 2288 2345 2508 2652 2686 2704 2717 2822 2965 2967 3016 3027 3044 3064 3067 3137 3180 3265 3294 3326 3332 3388 3454 3482 3533 3584 3592 3593 3615 3641 3762 3798 3825 3931 3940 3966 4010 4022 4034 4037 4106 4110 4126 4179 4182 4183 4201 4394 4416 4450 4602 4639 4657 4663 4692 4795 4893 4986 5032 5097 5145 5239 5268 5283 5318 5419 5509 5809 5842 5846 5853 5860 5885 5941 6064 6338 6357 6515 6526 6548 6618 6984 7014 7099 7143 7149 7255 7414 7424 7551 7553 7567 7575 7586 7833 7907 7927 8024 8055 8069 8075 8201 8267 8272 8273 8484 8505 8570 8594 8595 8606 8629 8655 8678 8728 8747 8760 8761 8783 8880 8901 8988 8990 9032 9120 9167 9190 9214 9219 9281 9407 9440 9458 9721 9736 9749 9787 9940 10194 10246 10273 10306 10316 10327 10450 10549 10555 10577 10581 10608 10623 10640 10642 10665 10689 10695 10767 10771 10779 10781 10821 10905 11076 11167 11180 11181 11195 11198 11199 11213 11225 11231 11244 11254 11363 11375 11390 11414 11448 11492 11555 11652 11799 11830 11851 12026 12029 12086 12089 12116 12143 12165 12188 12337 12361 12388 12457 12473 12499 12503 12578 12735 12801 12811 12848 12875 12954 13039 13040 13052 13065 13251 13287 13608 13809 13865 13895 14068 14094 14109 14173 14199 14689 14826 14851 14889 14919 14964 15057 15063 15108 15154 15179 15257 15392 15447 15500 15574 15581 15681 15761 15848 15860 15875 15962 16072 16133 16182 16186 16267 16309 16355 16361 16447 16477 16558 16603 16631 16696 16758 16782 16794 16840 16856 16876 16895 16926 16929 16932 16937 16961 16965 16973 17083 17158 17201 17216 17217 17245 17253 17256 17258 17269 17271 17274 17277 17335 17372 17373 17374 17466 17529 17650 17707 17870 17874 17884 17891 17905 17977 17983 18073 18104 18199 18200 18297 18438 18496 18501 18545 18570 18603 18685 18712 18778 18780 18877 18901 19090 19146 19200 19204 19264 19273 19589 19759 19828 19832 20456 20526 20550 20611 20787 20854 21089 21428
300,000=297 303 361 388 473 889 955 1034 1048 1257 1302 1692 1918 2081 2539 2572 2745 2907 3057 3458 3643 3687 3981 4024 4039 4129 4249 4553 4588 4601 4609 4659 5139 5150 5244 5257 5318 5648 6376 6396 6605 6722 6908 7151 7200 7304 7336 7660 7778 8060 8446 8716 8914 9153 9436 9484 9514 9921 10367 10682 10918 10953 10956 11415 11683 11766 11904 12052 12113 12282 12417 12638 12659 12762 12802 12874 12932 12938 12971 12977 12999 13277 13757 13767 13888 13915 14126 14135 14298 15003 15162 15176 15392 15514 15911 16093 16131 16255 16737 17009 17059 17092 17771 17813 18194 18202 18457 18557 18630 18781 19213 19363 19482 19877 20351 20649 21070 21270 21399
300,000-square-foot=6229
300,200=1903 13546
300,286=10185
300,404=2887
300,488=12254
300,859=15221
300,900=15871
300-325=10246
300-500=7927 8834 14052
300-600=14167
300-650=13972
300-meter=8755
300-mln-canadian-dlr=11490
300-page=386
300-share=14609
300.00=13536 13608
300.1=670
300.5=20448
300.5-x=11932
300.66=10604
300.8=20346
300.9=16944
300.99=13900
300/270=14671
3000=1041 8233 14136 19707 19724
3004=14467
300p=12449 19626
300zx=20125
301=5009 5031 8792 11984 13676 13993 15864
301,000=1208 2708 7229 12061 12351 15010
301,400=8086
301,623=12240
301,820=16376
301,909=1907
301.1=17914
301.5=8633
301.50=14136 14332
301.6=13809
301.7=15871
301.8=20299 20538
301.9=6047 12204 12207
3013.00=13340
302=5424 7047 10246 13576 17093 18441 21101
302,000=5333 5928 8337
302,300=8781
302,316=12570
302,388=11980
302,669=5306
302,745=12078
302,833=6856
302.0=8972
302.00=13980
302.08=9744
302.15=13900
302.2=15871
302.6=19507
302.8=21014
3023.00=13340
3026.9=13331
302p=3477
303=8066 13907 17093
303,000=5327 8581 9726 10415 10891 10973 16255 19680
303,581=21286
303,936=11561
303.2=12893
303.4=8229
303.5=15103
303.6=18301
303.9=6857
303.91=8618
30386=635
303p=18579
304=109 308 1661 3502 3670 6854
304,000=449 3738 10089 20938
304,043=3358
304,178=19110
304,825=12484
304-100=6209
304.2=8986
304.4=4346 4476
304.5=3585
304.6=8986
304.9=1677 1734
305=937 1890 3003 7869 11711 12279 12435 12647 13491 13676 14477
305,000=1279 2572 3595 3904 7101 8241 10415 16708 17319 21433
305,082=1015
305,781=12922
305-102=18328
305.1=1644
305.13=10604
305.4=3867
305.50=13608
305.5p=4659 5429
305.7=612 12296
3053.15=13115
306=10445 12195 14748 15581
306,007=18955
306,031=4541
306.0=17527
306.1=8702
306.10=14699
306.8=15980
306p=3130
307=4436 12361 17658
307,000=640 5928 6533 7101 7660 13768
307,135=13131
307,138=9817
307,516=20927 21214
307.0=4788 5438
307.5=15429
307.59=10604
307.8=20105 20228
307.9=17527 18048
3070=14467
3073.9=13331
3074=7800
308=2833 7012 10080 12361 15263
308,000=1365 1371 3595 8262
308,200=313
308,400=16444
308,927=5029
308-3/4=14518
308.00=14136
308.2=20685 20798
308.4=20119
308.6=13803
308.68=883
308.9=16284
3087=14457
309,000=2350 2602 2826 3057 4206 4696 5056 5333 7830 16365
309,100,000=20753
309,191=12254
309,963=6231
309.1=3554
309.3=17700
309.85=17922
3090=13947 16430
30er=18583
30p=3129 5219
30th=1942 8857 9195 9452 12909
31=3 23 36 46 49 53 56 83 105 113 130 139 142 145 166 226 235 237 260 267 279 291 293 305 314 315 317 388 391 393 409 435 442 453 473 478 490 517 524 525 533 569 577 578 617 619 650 658 680 681 682 690 691 692 693 695 696 700 701 702 706 707 726 743 758 770 774 776 779 814 861 865 866 875 880 888 921 928 938 957 976 1011 1015 1016 1037 1065 1066 1080 1084 1103 1122 1134 1140 1152 1157 1173 1193 1198 1208 1210 1213 1225 1239 1241 1265 1266 1275 1315 1327 1339 1345 1363 1366 1379 1382 1389 1401 1414 1420 1424 1456 1466 1525 1563 1566 1567 1568 1569 1575 1640 1648 1657 1714 1794 1813 1814 1824 1853 1904 1906 1923 1978 2026 2048 2079 2081 2097 2130 2134 2149 2162 2173 2182 2184 2196 2203 2205 2211 2221 2230 2252 2253 2261 2270 2275 2291 2308 2309 2339 2347 2350 2357 2371 2398 2458 2476 2488 2496 2505 2508 2513 2526 2531 2568 2608 2630 2645 2700 2736 2750 2756 2772 2779 2791 2808 2815 2817 2818 2824 2827 2836 2847 2849 2886 2887 2916 2961 2962 2963 3019 3023 3036 3038 3065 3085 3091 3216 3220 3230 3254 3261 3287 3318 3405 3414 3439 3466 3493 3542 3550 3574 3575 3580 3601 3604 3605 3625 3646 3647 3649 3651 3664 3674 3704 3721 3742 3751 3755 3758 3762 3763 3785 3788 3792 3802 3813 3841 3844 3857 3868 3870 3884 3890 3895 3908 3917 3922 3961 3962 3981 3984 3996 4012 4019 4037 4042 4049 4068 4085 4090 4098 4102 4112 4119 4126 4128 4143 4155 4160 4161 4162 4177 4210 4218 4230 4241 4245 4261 4263 4291 4327 4345 4347 4348 4349 4363 4374 4378 4397 4438 4447 4489 4505 4543 4569 4580 4588 4590 4592 4610 4621 4626 4631 4640 4686 4766 4779 4796 4803 4817 4844 4886 4887 4906 4907 4990 5021 5034 5035 5048 5055 5056 5057 5058 5070 5083 5086 5092 5106 5107 5109 5151 5153 5188 5208 5210 5228 5234 5249 5262 5300 5309 5377 5385 5390 5400 5401 5409 5410 5415 5416 5417 5423 5426 5443 5454 5455 5482 5496 5503 5505 5517 5525 5528 5540 5546 5555 5563 5586 5593 5595 5626 5632 5635 5658 5707 5709 5712 5725 5728 5731 5741 5742 5749 5760 5778 5807 5815 5843 5858 5916 5926 5951 5960 5984 5985 5991 6008 6035 6042 6047 6082 6088 6089 6104 6106 6111 6113 6134 6149 6152 6154 6174 6175 6182 6185 6187 6199 6205 6213 6214 6221 6222 6231 6232 6244 6254 6275 6279 6287 6295 6305 6310 6311 6312 6313 6324 6358 6374 6376 6383 6396 6433 6451 6456 6460 6474 6475 6478 6489 6522 6532 6539 6541 6575 6590 6594 6597 6605 6658 6672 6674 6685 6687 6689 6699 6708 6729 6739 6741 6743 6748 6752 6773 6774 6776 6794 6802 6815 6819 6821 6828 6837 6840 6842 6852 6894 6895 6907 6954 6991 6996 7018 7040 7061 7063 7072 7076 7124 7141 7158 7167 7184 7200 7216 7244 7274 7293 7313 7322 7331 7346 7349 7381 7388 7403 7410 7443 7487 7488 7495 7498 7538 7560 7577 7599 7657 7673 7687 7689 7700 7702 7725 7735 7766 7768 7782 7830 7837 7840 7845 7848 7850 7871 7873 7883 7913 7928 7979 8009 8010 8012 8033 8039 8045 8060 8069 8130 8149 8153 8204 8219 8227 8239 8268 8322 8334 8335 8339 8361 8373 8425 8435 8445 8475 8483 8491 8502 8515 8519 8526 8559 8560 8585 8606 8621 8631 8633 8664 8707 8708 8714 8716 8742 8747 8764 8770 8799 8800 8823 8824 8863 8869 8879 8893 8930 8959 8962 8964 8968 8974 8986 8994 9008 9018 9030 9032 9036 9058 9072 9112 9123 9151 9173 9181 9190 9201 9203 9215 9225 9242 9249 9252 9266 9267 9280 9303 9328 9372 9403 9441 9466 9468 9500 9518 9519 9543 9552 9562 9563 9589 9623 9625 9639 9641 9647 9722 9728 9736 9754 9760 9804 9848 9859 9868 9884 9906 9914 9922 9946 9969 9981 9996 10067 10095 10100 10110 10114 10140 10146 10180 10210 10219 10233 10238 10246 10257 10278 10292 10300 10324 10382 10398 10400 10407 10434 10460 10472 10481 10486 10512 10533 10544 10545 10546 10556 10612 10644 10688 10693 10717 10718 10736 10738 10766 10778 10804 10836 10872 10877 10939 10972 10987 10988 11027 11040 11043 11049 11061 11113 11123 11166 11178 11179 11183 11187 11211 11255 11262 11272 11279 11283 11336 11349 11367 11368 11370 11381 11388 11400 11443 11466 11483 11499 11530 11566 11567 11568 11569 11575 11594 11602 11635 11665 11667 11678 11725 11818 11828 11846 11850 11857 11896 11911 11925 11933 11970 11973 11976 11979 12013 12031 12034 12038 12041 12109 12118 12179 12208 12221 12269 12292 12298 12306 12307 12314 12328 12383 12390 12481 12487 12510 12513 12548 12562 12578 12626 12644 12662 12664 12706 12732 12742 12764 12782 12797 12827 12829 12830 12834 12868 12870 12873 12874 12875 12885 12901 12912 12913 12914 12915 12922 12968 12976 12991 13039 13054 13078 13113 13123 13126 13135 13141 13180 13182 13189 13191 13216 13263 13294 13366 13472 13531 13709 13796 13809 13828 13854 13890 13900 13909 14262 14300 14331 14435 14512 14524 14544 14556 14656 14670 14697 14716 14749 14752 14771 14776 14829 14855 14858 14859 14874 14903 14918 14921 14964 14970 14975 14980 14994 15050 15060 15099 15107 15122 15144 15163 15202 15226 15227 15250 15273 15281 15297 15310 15312 15354 15369 15380 15381 15413 15421 15427 15451 15468 15476 15511 15514 15515 15561 15567 15590 15597 15614 15674 15762 15807 15814 15841 15853 15912 15916 15919 15967 15975 16085 16119 16143 16168 16219 16232 16249 16258 16271 16275 16283 16332 16387 16390 16399 16416 16420 16421 16427 16429 16448 16479 16523 16527 16531 16544 16563 16568 16645 16648 16654 16670 16680 16684 16718 16727 16740 16760 16768 16797 16823 16844 16891 16938 17036 17103 17130 17131 17136 17203 17281 17292 17315 17317 17433 17438 17460 17465 17469 17503 17506 17524 17546 17552 17581 17646 17667 17672 17700 17717 17721 17788 17802 17846 17848 17855 17857 17876 17895 17901 17903 17922 17935 17947 17948 17964 17965 18016 18083 18084 18094 18193 18199 18208 18216 18238 18239 18249 18267 18285 18307 18331 18340 18347 18350 18433 18455 18468 18482 18483 18497 18504 18514 18526 18542 18551 18563 18608 18611 18612 18623 18628 18640 18647 18648 18654 18725 18740 18769 18820 18830 18833 18849 18874 18875 18921 18955 18971 19002 19009 19014 19017 19026 19030 19045 19051 19062 19066 19067 19069 19075 19116 19170 19171 19215 19222 19254 19259 19266 19288 19303 19333 19341 19347 19366 19376 19393 19395 19410 19424 19481 19493 19527 19552 19554 19561 19562 19571 19584 19585 19598 19610 19633 19639 19642 19647 19655 19702 19710 19712 19723 19727 19758 19761 19767 19777 19783 19787 19788 19790 19797 19849 19850 19910 19928 19933 19935 19953 20174 20241 20252 20284 20326 20353 20379 20400 20421 20441 20489 20514 20523 20526 20545 20581 20596 20601 20646 20697 20711 20767 20812 20867 20886 20916 20929 20985 21011 21041 21053 21057 21079 21169 21223 21256 21259 21260 21283 21381 21435 21483 21489
31,000=275 3082 3453 6179 10705 11877 11885 11893 12615 15531 15819
31,011,000=13717
31,063=3695
31,100=816
31,117,000=818
31,288=8633
31,300=16684
31,361=1704 1712
31,429,000=1138
31,500=311
31,528=13729
31,600=20005
31,640,000=18591
31,680,000=15090
31,686=4899
31,720,769=13119
31,730=8848
31,734=4954
31,750.0=15871
31,781,461=3320
31,800=17238
31,811=5039
31,831,050=7826
31,858=13182
31,867,658=7826
31,896=5501
31,900=15871
31-1/2=1634 2375
31-1/4=337 10546
31-1/8=714
31-3/8=10017
31-7/8=16132 16183
31-april=10902
31-day=11195 11244
31-gallon=15701
31-mile=11323
31.=6475 16651
31.0=644 5635 8979 10673 20135
31.00=10908
31.05=4196 7544 18563
31.07=9700
31.08=18461
31.09=13192 13199 19040
31.1=4019 6349 6529 8614 9235 11566 11629 11685 18120 19050 20915 21234
31.15=19515
31.18=4610
31.19=17099
31.2=138 327 538 596 1367 1554 4612 5084 6327 6848 10253 20517 20523
31.24=11797 12180
31.25=6445
31.3=922 2433 6210 6314 8668 11953 16825 16826 17839 18475
31.30=10746
31.31=20161
31.36=15909
31.3615/4243=13324
31.366=17169
31.39=10317
31.3955/4583=13324
31.3p=11227
31.4=234 1181 1854 2112 3792 7105 11724 11726 11932 11961 15190 21244
31.5=449 3193 3463 7008 7752 8364 9820 10210 10743 18467 19767 20470 20517 20811 21480
31.5-r=11932
31.58=6935
31.6=183 444 490 588 1433 1466 2112 2659 3216 3656 4765 4810 5994 8431 9807 17469 17984 21173
31.60=401
31.63=1844
31.7=483 783 861 2048 2050 2469 2917 3697 3984 4060 5084 5095 5967 6869 6967 7056 9275 9733 9860 10080 11894 15107 20422
31.71=16545
31.72=9691
31.73=19515
31.74=11237
31.8=1111 2285 4355 8036 8702 9425 10411 12049 12383 12869 16869 17264 18405 20187 21189
31.80=6507
31.85=3334 15870
31.8850=17248 17306
31.9=234 1445 1502 5095 5969 6017 6274 9229 10840 12401 14569 17273 18780 18973 20300 20473 20779 21053
31.92=9728 9734
31/32=12838
310=109 203 1798 1847 2658 4084 5860 7551 7595 7801 7945 8761 12521 12745 16240 16391 17312
310,000=4039 4129 4206 6850 7496 10855 10963 18307 18616 18814 18817 20196 20208
310.1=20533
310.4=6431
310.8=12082
310p=3477
311=766 8437 15678 18405 19494
311,000=6323 7101 17090 20658
311,255=15679
311,388=15888
311,848=4307
311,994=16561
311.5=1445
311.72=14681
311.82=8618
312=5767 12224 14763 14837 17964
312,000=3900 6787 13738 17390
312,295=21164
312,500=16718
312,692=16022
312.10=17460
312.3=6104
312.4=10043
312.8=2953 3009
312.9=12477 20332
3120=8295
313=3062 3086 15349 15500 15556 15864 19948
313,000=5483 10434 10919 11754 19815 20498 20596
313,200=836
313,676=5894
313,937=12611
313-3/4=14518
313.0=21381
313.00=4693 16070
313.2=8702 9786
313.25p=10714
313.3=10743
313.4=15209
313.6=20344
313.7=10644 10648 20438
313.8=7970
313.87=5748
313.9=16284
313p=3477 13393
314=320 7066 8138 12361 13993 16052 18527
314,000=3626 5682 6573 7660 9333 18470 18719 21406
314.0=15473
314.3=1644 15660
314.6=2693
315=1008 1380 2680 3135 3536 7186 12946 13588 15853 15875
315,000=1279 1365 1371 2654 4917 5334 5847 6139 6729 6830 12153 16348
315,100=2227
315,500=5383
315,635=12360
315,695-dwt=4171
315,763=1283
315,800=12428
315.1=10564
315.2=14 16336 18267
315.3=10381
315.7=21386
315.9=9744
316=110 266 362 1574 3671 3777 7225 12813 13256 13266 15641 15875 17207 17217 17271
316,000=1527 2572 4622 5422 6573 19357
316,193=1494
316,289=1225
316,310=19110
316,379=8197
316,655=19369
316.0=2421
316.4=9973 9981 17546
316.7=4016 8022 12477 13239
316p=4659 16140
317=10338 19078 19673
317,000=2275 13768
317,062=12244
317,200=10175
317,266=12572
317.3=6299
317.46=15906
317.5=7673
317.58=15906
317.7=15871
317.8=2615
317.90=15906
317.95=19494
317p=10714 12441 21019
318=320 8815 10338 13517 13653
318,000=603 731 14569 20917
318,100=6672
318,225=13165
318,460=5581
318,600=3873 3934
318,900=19751
318.3=14622
318.5=5837
318.6=3867
318.8=13735 18267
318.90=15906
31845=19518
318p=16140
319=2833 7003 12786
319,000=2618 2925 7954 8036 8746 9334 12175 20605 21486
319,055=20976
319,344=9389
319,564=11028
319,588=8297
319,600=20797
319.0=16424
319.09=8633
319.1=7264
319.2=19204
319.4=1353
319.50=8177
319.6=20220
319.7=15980
319.9=12829
3191=3824
3198=15584
31st=13184
32=45 172 202 269 452 505 550 555 596 696 846 891 1221 1315 1339 1985 2015 2187 2291 2309 2335 2409 2530 2539 2569 2710 2754 2759 2959 3046 3516 3550 3602 3712 3792 3840 3841 3971 4070 4085 4166 4218 4308 4337 4608 4729 4894 4943 5055 5064 5096 5161 5301 5312 5325 5495 6165 6321 6618 6641 6836 6837 7043 7102 7150 7154 7259 7525 7534 7800 7883 7904 8061 8063 8065 8100 8236 8394 8409 8597 8765 9150 9157 9182 9260 9278 9436 9682 9713 9780 9807 9818 10092 10346 10778 10788 10826 10917 10964 11049 11145 11354 11448 11453 11543 11696 11707 11752 11813 12010 12184 12209 12364 12416 12624 12674 12755 12912 13098 13112 13122 13670 14173 14302 14609 14960 15002 15140 15180 15190 15228 15325 15359 15538 15567 15701 15742 15878 16070 16081 16206 16216 16271 16297 16388 16495 16655 16717 16812 16938 17013 17026 17031 17079 17100 17160 17310 17379 17416 17502 17543 17828 17964 18138 18243 18268 18279 18308 18309 18525 18689 18698 18773 18798 18846 19017 19037 19041 19164 19375 19828 19854 19974 20079 20165 20241 20363 20372 20415 20473 20476 20488 20592 20735 20892 21034 21136 21252 21295 21300 21304 21368 21447 21472
32,000=313 491 495 2389 3669 5645 7501 7903 8160 8439 9726 9964 10831 11442 11885 13633 17421 18258 19057
32,085=8848
32,172=2977
32,184,000=18591
32,263,000=18591
32,345=17617
32,378=275
32,500=2044
32,535=2761
32,553=14418
32,652=9702
32,713=21209
32,766=3132
32,796=8683
32,800=135 9393
32,825=7753
32,876=15584
32,900=7577
32-1/2=5517 20796
32-1/4=13002
32-5/8=14846 15042
32-bit=90 746 4588 5649 8250 8551 9528 12496 12779 13707 13865 14070 15160 15971 19032 21304
32-day=10711
32-km=17054
32-minute=7608
32-store=17839
32-year=2359
32-year-old=1829 8068
32.0=7495 8708 10757 10882 11320 18242 20385 21244
32.03=7557 8633
32.05=18563
32.1=861 1188 3697 6388 7061 7083 9146 10673 14552 15773 16299 16386 18997 20135 20836 20988 21227
32.11=9749
32.2=466 1528 6447 8902 11985 16207 16307 18284
32.22=9707
32.25=2609 6501 9691
32.3=4223 4304 6332 7061 9106 9158 9161 9444 11317 11823 20526 20605
32.3-r=11932
32.4=861 6729 6830 7072 7099 7128 11407 11632 13214 14860 14872 16136 16635 19443
32.42=10594
32.44=13019
32.443=18109
32.49=17212
32.5=140 356 940 4132 5592 6187 7470 7639 8501 9317 11196 11932 14569 15632 17658 17834 18019 20339 21049
32.50=7639 16969
32.5340/6000=13324
32.55=17398
32.58=18479 18503
32.6=454 779 940 1438 2691 3540 6495 6609 8001 9995 10043 16112 16249 16478 20367 20988 21044
32.6030/6690=13324
32.625=13076
32.63=10644 10648
32.6p=16175
32.7=528 1007 1084 2856 7427 8668 8708 8799 12138 14552 15192 20803 21016 21441
32.76=6953 19617
32.8=3839 3895 7061 16812 17294 17579 20165 20312 20450 20837 21032 21185
32.80=2744
32.81=9886
32.87=19562
32.88=7541
32.9=6 686 1853 2751 7790 8127 9818 10000 10225 16312 17961 17965 18449 18703 19647 21211 21248
32.94=3414 3434 7818
320=60 306 377 677 1300 1332 1466 2257 3135 4089 4643 6338 6448 7001 7166 9373 9440 10306 12378 12496 12746 12909 15500 15556 16557 16691 17355 18176 18745 19037 19832 20267 20393 20757
320,000=1200 4063 5313 5781 11445 15618 16099 16115 16980 19466 19844 19946 20638 21433
320,057=11230
320-foot=7166
320.0=6765
320.05=15906
320.12=15906
320.4=11331
320.7=7970 13803
320/300=14671
320/330=15556
3200=13980
32000=15971
320p=11206
321=8159 10330 13019
321,000=422 5452
321,980=21034
321-327=14518
321.0=15871
321.3=6787 13803
321.41=15906
321.6=16207
321.8=21414
321.87=15906
322=20699
322,000=15532
322,500=2589
322,675=21178
322.0=19357
322.1=3602
322.3=8708
322.9=6104
323=1890 2231 4692 5767 15500
323,000=5452 8964 17212 20596
323,214=10879
323,401=8875 8900
323,664=13687
323-1/4=14555
323.0=16608 17031
323.1=19761 21437
323.2=612 15604
323.3=21300
323.6=8313
323p=12441
324=2791 7531 8553 10045
324,000=5105
324,011=11019
324,200=12629
324,327=16031
324,863=14639
324.2=6592
324.6=8793
324.9=16934
324p=3477
325=1787 4173 8390 12013 15875 16612 17595 18146 19589 19740 19948 20241 20753
325,000=327 1554 5334 6508 7993 9436 10908 15797 16527 20196 21194
325,900=313
325,937=4273
325-unit=4893
325.13=6301
325.31=17294
325.48=17294
325.5=7870
325.6=12783
325.7=21014
3250=13980 14136
326=320 868 2775 6338 13256 13266 14639
326,182=15584
326,259=13190
326,675=1633
326.0=2724
326.3=4472
326.5=7366 10644 10648
326.9=15380
327=2269 12846 13422 15781
327,000=1137 3295 5930 8485 20196
327.0=2192
327.1=15429 15451
327.2=11 20286
327.5=1529
327.50=13422
327.6=2426
327.9=2691
3270=3824
328=279 524 8239 12798 14697
328,000=592 2568 4206 7739 8741
328,000,000=20161
328,112=8366
328,127=16850
328,221=17831 17838
328,290=15899 15907
328,428=21190
328,468=11478
328,889=8334
328.1=20225
328.5=1179 3193
328.68=1343
328.7=6094
328.9=8708
32876=15584
329=852 2435 13422 14467
329,000=4176 11220 14569
329,225=2219
329,588=20064
329,999=5818
329.0=10385 16424
329.1=3569
329.21=14732
329.38=1343
329.4=5573 6771
329.5=15050
329.52=6301
32nd=3762
32p=12449
33=302 304 316 335 341 578 616 646 774 891 898 1020 1030 1111 1200 1221 1266 1359 1364 1463 1616 1651 1890 2045 2085 2208 2429 2488 2489 2650 2877 3161 3615 3634 3676 3750 3771 3906 3996 4007 4136 4194 4236 4239 4273 4292 4304 4640 4684 4796 4893 5093 5116 5119 5156 5297 5382 5398 5473 5667 5796 5817 5825 5994 6119 6169 6338 6376 6437 6456 6541 6729 6830 6876 6966 6972 7003 7066 7068 7074 7096 7107 7126 7192 7253 7359 7381 7444 7478 7566 7789 7998 8008 8010 8030 8073 8091 8100 8221 8292 8582 8597 8729 8750 8763 8764 8820 8860 8956 9099 9310 9336 9427 9467 9479 9552 9755 9985 10078 10311 10439 10717 10721 10753 10919 10966 11047 11137 11179 11311 11543 11566 11637 11684 11987 12022 12127 12143 12182 12188 12207 12244 12250 12310 12416 12431 12443 12497 12532 12730 12837 12871 12878 12962 13526 13854 14554 14572 14921 14963 14969 15012 15040 15144 15348 15579 15915 15939 16005 16072 16312 16434 17700 17721 17761 17786 17893 17933 18066 18108 18180 18324 18566 18579 18875 19009 19086 19110 19149 19392 19466 19555 19608 19703 19787 20140 20255 20376 20502 20620 20654 20659 20796 20806 20836 21044 21175 21219 21237 21281 21357
33,000=275 1388 1843 3218 4101 5521 6172 10319 12872 13179 17753 18544 20005
33,008,542=13687
33,074=10863
33,085,000=20129 20285
33,200=17131
33,269=12381
33,290=9650
33,333=11251
33,398=16760
33,453=11031
33,463.4=12758
33,467=19137
33,482=16807
33,500=2232 3948 7577
33,600=5645
33,619=3211
33,623=3132
33,654=12078
33,669=13001 13216
33,763=9702
33,858.4=1912
33,871=17903
33,892=3901
33,900=7577
33,938=6216
33,957=10680
33,992=3498
33,992.0=1912
33-1/2=3991
33-1/3=406 480 10272 19019
33-1/4=10425
33-5/8=2735 9947
33-acre=18149
33.0=649 1111 1524 1849 3540 5494 7061 7883 7904 9889 13834 16351 20529 20533 20915
33.1=2919 8614 10097 16295 17753 20502
33.10=17374
33.12=3414 16250
33.13=316
33.14=16315 20226
33.17=17316
33.2=846 897 1438 1906 2504 8474 11034 13014 18422 20680 21248
33.25=9842
33.3=1054 2551 2751 3786 5495 7105 8090 10768 11990 12426 16030 20225
33.33=17101
33.34=7544
33.36=4938
33.4=3427 3456 3463 3540 5738 5941 9237 9399 13020 15421 16944 18973 21386
33.42=3414 3434
33.5=257 861 1461 1541 1963 2242 3269 3895 4160 5050 5912 6609 7443 7924 8005 8543 9364 9405 9427 10612 10632 11376 20453 21469 21490
33.50=18029
33.51=10644 10648
33.54p=15387
33.55=8199
33.57=3418
33.6=2750 6181 8614 12426 15034 16207 20220 20286
33.60=2993
33.64=17922
33.7=6 1610 2342 12827 15875 17034 19617
33.71=7960
33.75=15645 18580 18586
33.8=5422 9049 10756 12262 12524 15660 15773 15875 17442 20564 21357
33.81=2993
33.89=4610 20226
33.9=1122 1445 1502 2092 3615 7714 10226 15773 17013
33.90=2110 4829 7222
33.93=21388
33.94=3554
33.95=6963
33.96=10011
33.98=19562
330=263 2614 2631 3135 3507 3714 4875 5817 6388 6462 6994 7797 7988 8010 8820 8980 10015 10346 10903 11183 11437 11541 15500 17389 17672 17759 18150 18464 19035 19204 19534 20157 20962 21147
330,000=3458 4063 8045 9231 10413 11378 14672 15571 15887 18300 18997 19260 20208
330,000,000=20138
330,613=13110
330.5=15871 20304 20320
330.8=9985
330.9=8903
330p=20039 21019
331=12680 16865 21453
331,000=887 10870 16371 16765
331,666=6231
331,866=17059
331.4=12631
331.5=10381
331.6=121
331.8=3980
332=3396 14833
332,000=2026
332,461=12922
332,900=2000
332,995=5218
332.1=1997
332.50=13517 13653
332.69/71=14175
332.7=5901 8022 15875
332.70=13667 14175
332.70/72=13418 13667 14175
332.72/75=13418 13667 14175
332.9=2300 15604
333=711 1495 7531 15875 20326
333,000=4671 8892 16244 17547 19450
333,325=4563
333.0=1856
333.05=883
333.26=17294
333.8=10037 21264
333.9=2961
3330=14453
3335=14453
334=312 880 9555 16175
334,000=5050 11215
334,463=1446
334,890=6522
334.1=16428 19761
334.28=15950
334.4=20215
334.6=15980
334.78=14681
335=2680 3268 4877 5223 8633 13491 13653 17153
335,000=9726 19674
335,460=18475
335,800=1577
335.1=21435
335.2=6765
335.6=4569
335.8=15344
335.9=19761
336=12746 13806 16382
336,000=5798 8457 8580 8899 8999 20659
336,015=16755
336,097=3132
336,750=1067
336.02=4519
336.1=16428
336.2=21379
336.3=2653
336.5=2279 3541 16336
336.63=80
336.9=20533
337=23 5449 7771 12746
337,000=2618 4290 7036 8746 10853 12175 12818 12838 13053 13208
337,100=5798
337,400,000=20180
337,500=16842
337,867=4686
337.3=14 15380
337.39=883
337.50=12746
337.6=4085
337.73=14732
338=8629 16175 20393 20963 21116
338,000=6313 12042 15485 17118
338,766=12254
338,800=313
338,886=6243
338,975=21228
338.0=2458
338.1=2691
338.7=21489
339=7443 9139 9650 9804 14279
339,000=601 8017 10974 11058 19067
339,013=8140
339.00=7421
339.04=10155
339.5=14092
339.6=18065
33p=2029 18577 20039 21019
33rd=13800 13830
34=11 18 37 612 1020 1084 1122 1452 1561 1567 1650 1867 2203 2304 2310 2433 2478 2484 2505 2556 2789 3075 3336 3486 3517 3672 3697 3870 3875 3909 3991 4193 4240 4521 4794 4972 4974 4989 5056 5128 5177 5286 5313 5385 5410 5590 5687 6063 6216 6288 6442 6455 6485 6523 6534 6609 6781 6854 6857 6876 6932 6963 7038 7151 7495 7544 8024 8222 8452 8518 8569 8585 8661 8716 8767 8835 8896 8901 8964 8990 9110 9160 9444 9860 9973 10017 10195 10435 10573 10600 10753 10891 10905 10956 11179 11252 11272 11452 11569 11577 11672 11935 11958 11983 12031 12179 12286 12450 12485 12494 12645 12674 12730 12783 12837 12878 12893 13854 13878 14102 15359 15674 15678 15722 16093 16375 16388 16602 16644 16719 16832 17037 17083 17206 17380 17402 17461 17571 17812 17873 18422 18461 18485 18828 18840 18867 18961 19019 19278 19280 19299 19405 19508 19829 19950 20255 20274 20395 20499 20529 20562 20581 20660 20709 20799 20920 20984 21190 21254 21265 21283 21354 21359 21489
34,000=6063 10534 12849
34,000-acre=18872
34,030.3=12758
34,055=4554
34,088,000=19850
34,101=4914
34,102=9650
34,131=16760
34,209=13086
34,224=3211
34,238=20736
34,300=6667 20511
34,429=13092 13114
34,496=7762
34,500=14988 15017
34,550=7552
34,578=13098
34,585=8848
34,661=15568
34,663=12787
34,700=12420
34,701=18546
34,745=13061
34,750=9305 9349
34,800=9124
34,876=18517
34,915=652
34,926=6288
34-1/2=7801 14678
34-1/4=3205 20824
34-1/8=15084
34-3/4=768 2116 9376 10080 13115 18588
34-5/8=1634 9947 14678
34-67=4684
34-7/8=11763 13115
34-day=19512
34-mln-dlr=12127
34-seater=9199 17548
34.0=644 3540 6591 11111 12127 17248 17306 20443 20814 21242
34.00=7960
34.00/34.50=14472
34.1=302 922 1582 2918 3981 6773 6890 7903 9521 11966 12154 15875 17703 20539 21386
34.10=8125
34.125=11748
34.16=15906
34.18=17440 17460
34.186=19927
34.19=16408
34.2=439 2162 2856 3984 6423 7157 8424 9741 10393 10934 11894 12681 14993 16642 18284 19554
34.23=11813
34.24=12416
34.25=4017 7243 11995 15261
34.26=11214
34.2p=15387
34.3=151 2691 6765 6816 6854 6857 8946 9556 15495 15790 15875 16378 18449 20252 20770 20896 21237 21490
34.375=2533
34.38=8597
34.385=17169
34.39=20161
34.3p=6356
34.4=366 1137 7903 7998 8611 10099 15875 16063 19642
34.4.=7454
34.40=8063
34.46=20170
34.48=15470 15549
34.5=100 528 3527 3853 5554 5929 7924 8077 8202 8310 8750 8963 9235 9673 10031 13287 15695 15875 17655 18829 20446
34.50=13435
34.55=9187 9192
34.57=3418
34.59=5183 5280 18563
34.5p=8668
34.6=2871 3193 4015 5452 6496 9807 10253 15687 16028 16203 20358 20562
34.625=2670
34.68=17933
34.7=202 1347 1428 4081 4092 5367 10840 11894 15345 15841 17331 17966 18475 20779 20816
34.70=4093
34.750=1667
34.76=5371
34.782=1667
34.8=6 1381 2618 4589 5422 9237 12033 12818 13053 15417 16804 21051
34.811=2224
34.875-35.250=14201
34.8p=4081 4092
34.9=5422 6689 7476 7597 7752 7836 7904 7924 8043 8611 9235 9425 10099 10756 11859 12862 13568 16731 17914
34.97=7544
340=1 356 2639 2795 3464 3525 3792 5274 6054 8159 9139 10931 11213 11808 11891 12745 12981 15864 16133 16507 16511 18378 18407 19733
340,000=3737 3904 5789 6139 7070 8820 9189 9834 10286 10319 11815 11824 11834 12971 13656 13715 15264 16812 17131 17753 18120 18616 20732
340,036=5566
340,081=848
340,082=13687
340,200=11886
340,210=11019
340,735=21196
340,783=3025 3094
340,852=8340
340.3=20598
340.4=19850
340.5=7066
3400=3792 10951
341=6751 7838 7870 8046 9244 9583 12703 13493 16044
341,000=9834 10165 12507 17035
341,145=4934
341,210=19343
341,280=15960
341,730=1157
341,991=7482
341.0=2279
341.3=11912
341.64=14639
341.7=5015 20368
3410=18914
342=2433 7424 20393
342,000=1365 1371 8964 15153 18828 20770
342,900=313
342-346=13827 14084
342.1=20988
342.34=15906
342.6=8879 20304
342.7=7342
342.9=5141 5287
342p=3129
343,000=6458 6670 18326
343,315=9702
343,500=1684
343,600=16755
343,748=12176
343.06=6376
343.40=15906
343.6=21437
343.773=14664
343.9=20455
344=6117 6126 6452 10445 11813 16118
344,000=8858 11885 15152 16813 16824
344,039=4765
344.25=9193
344.50=15440
3440=3792
345=462 2955 3001 5147 5158 6465 8247 10045 10080 12453 13491
345,000=1365 1371 15130 18637
345,250=14639
345,300=2252
345,500=18437
345,515=8335 8339
345,544=18830
345,800=313
345,970=1492
345-360=12880 12919 13827
345.0=20885
345.50=16956
345.8=18006
3450=10951
345p=8225
346=3536 3612 8159 8901
346,000=6213 6999 19267
346,011=10200
346,368=4000
346,600=16029
346.0=15871
346.4=4590
346.5=21300
346.50=14183
347=320 4562 4574 5147 11752 11781 11798 12819 19525 20538
347,000=6233 8750 10165 13211 13212
347,000,000=6653
347,026=4679
347,134=15704
347,200=18437
347,441=12991
347,849=17975
347,855=3557
347,868=9366
347-360=13827 14084
347.1=20391
347.3=4291
347.6=15871
347.77=13900
347.8=8793
3470=10951
348=279 524 9193 11846 13634
348,000=10964 20498
348,298=5029
348,384=21460
348,855=2977
348.0=11227
348.1=2832
348.2=356 3474
348.5=20215
348.6=15871 15980
348.8=20639
349=17089 17734
349,000=5407 5749 8981 17539
349,070=10556
349,511=8654
349,578=12991 13216
349.2=4788
349.7=16513
349.8=8229
34p=11850
34th=1850
35=1 15 23 49 53 56 121 174 234 339 372 419 423 466 521 596 616 654 706 714 736 748 759 768 853 855 877 891 950 956 964 1002 1019 1122 1178 1246 1251 1384 1468 1473 1476 1501 1558 1642 1682 1729 1739 1860 1906 1935 2016 2024 2088 2188 2196 2198 2249 2307 2362 2684 2783 2973 2996 3048 3115 3119 3200 3241 3242 3245 3267 3270 3396 3430 3440 3593 3628 3687 3728 3746 3754 3784 3792 3971 3986 4049 4060 4369 4477 4911 4916 4943 4968 4990 5014 5128 5171 5184 5298 5308 5317 5355 5442 5449 5467 5500 5538 5543 5567 5631 5650 5654 5822 5973 5985 6099 6181 6202 6251 6329 6376 6395 6541 6547 6554 6581 6641 6708 6765 6797 6929 6981 7038 7067 7078 7083 7242 7252 7355 7446 7483 7575 7671 7705 7763 7766 7789 7867 7912 7945 8066 8077 8095 8128 8131 8202 8210 8271 8310 8530 8541 8548 8594 8691 8704 8705 8820 8821 8963 9046 9049 9100 9139 9244 9285 9310 9336 9369 9416 9543 9568 9621 9667 9673 9745 9759 9793 9893 9909 9975 10017 10155 10182 10251 10291 10427 10496 10564 10644 10663 10810 10993 11044 11060 11279 11346 11389 11416 11426 11490 11533 11602 11763 11822 11823 11892 11936 12051 12054 12127 12133 12156 12195 12239 12277 12413 12434 12521 12596 12619 12664 12751 12803 12878 12917 12947 13121 13124 13259 13703 13721 13814 14148 14156 14201 14354 14520 14609 14678 14697 14702 14832 14862 14864 14897 14990 15026 15043 15103 15109 15121 15352 15361 15409 15413 15488 15529 15565 15567 15573 15708 15725 15737 15759 15797 15822 15841 15889 15987 16103 16200 16240 16277 16278 16361 16446 16583 16625 16668 16703 16717 16844 17035 17054 17099 17106 17113 17368 17461 17474 17477 17488 17646 17700 17812 17891 17893 18123 18148 18199 18269 18291 18318 18340 18382 18475 18494 18579 18628 18834 18940 18983 19016 19036 19084 19085 19142 19184 19212 19304 19309 19381 19480 19575 19597 19605 19642 19679 19724 19752 19807 19833 19889 19910 20180 20221 20279 20385 20406 20461 20468 20473 20476 20583 20672 20728 20804 20985 21120 21223 21240 21251 21315 21460
35,000=272 275 1279 1519 2097 2257 3655 3672 4058 4296 4386 5592 5796 6074 6138 6149 6163 6184 6578 7516 8388 9436 9528 9557 11058 11885 12161 12277 12872 13801 14716 15584 15856 15911 15916 17090 18849 18908 19916
35,000-ton=7648
35,065,000=12641 12651
35,081=4879 5039
35,082=13806
35,084=13026
35,128=18475
35,145,000=93
35,186=3713
35,203=7049
35,207,000=20546
35,243=18749
35,393=10196
35,401=18550
35,523=4973
35,700=3687 9124
35,768=10131
35,814=5039
35,900=3833
35,910=3639
35,936,000=9556
35,957=2189
35,960=12381
35-3/4=14279
35-40=7804 11490 13465
35-cent=16630
35-day=18501
35-dlr-per-share=13790
35-hour=959 1476 2362 3218 14864 16192
35-member=10760
35-millimeter=8989
35-mm=6977
35-point=14029
35.0=2028 2618 7073 7264 12516 12818 13053 15875 16382 20181 20358 20896
35.00-36.00=14531
35.01=4690
35.0p=4092 8702
35.1=123 1229 2016 2188 2249 3903 4014 4892 6173 12394 16775
35.12=4938
35.125=372
35.16=15026
35.17=9145
35.18p=7085
35.2=141 588 1122 1481 2721 4184 5422 5912 7482 9317 18602 19480 19493 21490
35.25=11748
35.27=4225
35.29=5941
35.3=5941 6458 6495 6670 8135 16377 16619 18479 21262 21416
35.31=12628
35.33=21388
35.4=422 439 6234 9478 9485 9836 14500 15136 16354 16427 17841 18602
35.4-meter=207
35.40=2744
35.41=18438
35.44=8271 8277
35.46=10743
35.5=151 3839 5475 7359 7841 9112 10224 13030 15891 16775 19449 20252
35.50=7255
35.58=3188
35.6=234 711 3268 4094 8702 8981 9049 9112 11138 12380 15891 17793
35.65=19294
35.66=7482
35.7=3545 5950 6837 13146 15211 17965 21106
35.73=6301
35.74=11168 19348
35.76=7541
35.79=10754
35.8=327 2960 3697 5417 6210 8262 10861 12061 13169 15632 15875 18703 18985 19242 19267
35.83=6970 7029
35.89=16545
35.9=1610 1854 3882 4012 4223 4884 6353 6466 8633 11566 12862 13256 13266 13291 16126 16642 17540 20920 20975 21386
35.98=6301
35.99=1174 15026 15391
350=1 448 493 518 631 913 943 969 1105 1336 1439 1557 1626 1906 2078 2258 2310 2576 2639 2955 3056 3115 3241 3572 3796 4079 4118 4735 4781 4893 5870 5932 5958 6201 6338 6388 6502 6525 6554 6645 6657 6844 6886 7255 7383 7431 7618 7629 7645 8004 8035 8820 8824 8940 9167 9219 9327 9373 9445 9512 9560 9781 9784 9855 9880 10729 10795 10812 11222 11604 11652 12763 12770 12773 12859 13980 14010 14959 15510 15523 15792 15875 16775 16864 16961 16983 17108 17234 17324 18075 18204 18548 18697 18843 19072 19456 20341 20691
350,000=389 1672 2151 2246 2369 3229 3423 4083 4160 5134 6239 6376 6501 7395 9921 10300 13236 13279 13738 14434 15571 16576 17059 17519 18263 18910 19499 19717
350,078=13116
350,738=7261
350-360=11941 12016 12040
350-73=11969
350-mln-dlr=2052
350.2=21490
350.3=19738
350.7=15871
35000=15584
351=6961 7030
351,000=601 7184 19745
351,500=12610
351,889=17280
351.0=9605
351.02=20102
351.24=20102
351.5=1351 17965
351.50=17105
351.6=11957
351.7=11953
351.9=20569
352=3463 3517 5216 9770 9821 17105 19291
352,000=4420 6524 8893 11010 11128 14569
352.1=11320 11633 17031
352.15=20102
352.32=883
352.7=8745
352.8=2832
353=2902 3499 7577 12814 13331 15864 16285
353,000=534 3971
353,045=16079
353.0=21330
353.1=13331
353.94=8600
353p=19510
354=5765 5767 7577 10436 20326
354,000=1265 10973 12681
354,650=3977
354,820=4273
354,843=4358
354.4=15871
354.5=3474 3564
354.8=3541
354.9=9930
355=3482 3613 3792 4305 4681 5216 5223 6980 8147 10329 12216 12765 12786 13112 13173 14869 15557 15573 18541
355,000=4732 6218 9425 12507 15485
355,556=13794
355,652=16123
355.34=20102
355.4=15871 20801 20910 20988
355.5=11953
355.6=434 20685
356=58 685 13588 16362 17480 17486 17783 17805 18337
356,000=9094 13165 15669 15985 20319
356,571=15704
356.2=6591
356.5=2505
357=3630 19530
357,000=6591 16808
357,203=2270
357,420=10200
357.1=3427 21219
357.50=13653 14183
357.6=3480
358=4681 6752 8314 15135
358,000=449 1320 1327 5417 15130 18719
358,400=16444
358,661=832
358,941=6323
358.1=2133 20256
358.56=13900
358.8=7113
359=2109 10512
359,000=5563 6084 8810
359,440=19651
359,699=12078
359,800=800
359.0=2133
359.5=12262
359.6=17112
359.7=18838
359.8=12296
35p=4081
35th=1617 19432
36=18 145 167 263 490 548 598 620 937 1101 1375 1439 1536 1621 1638 1872 2012 2068 2099 2436 2483 2493 2507 2532 3792 3903 3978 4014 4041 4049 4125 4377 4525 4621 4670 4705 4791 4891 4892 5055 5427 5475 5511 5542 5646 5683 5765 5852 5921 5930 6090 6130 6447 6491 6587 6620 6737 6840 7088 7597 7701 7867 7924 8561 8595 9182 9238 9311 9466 9760 9848 10162 10210 10439 10619 10830 10833 10840 10977 11056 11075 11084 11132 11137 11367 11534 11749 11879 11977 12002 12078 12239 12435 12440 12531 12569 12612 12768 12869 12924 13064 13191 13241 13850 13878 14702 14742 14755 15043 15233 15314 15373 15795 15857 16116 16390 16447 16759 16789 16801 16886 17070 17096 17099 17166 17368 17450 17457 17460 17497 17616 17660 17773 18029 18039 18067 18213 18251 18422 18551 18829 18870 18917 18926 19086 19149 19488 19942 20168 20199 20384 20398 20419 20438 20497 20523 20658 20671 20706 20712 20728 20798 21032 21049 21405 21448 21489
36,000=5725 5827 8033 10444 10705 12462 12760 14372 15917 16873 17167 18307 18427 19828
36,050=4973
36,099=21286
36,101,000=5438
36,300=652
36,400=5214 12078
36,462=7552
36,464,000=21272
36,480,000=2194
36,510=11276
36,552=13294
36,557=10322
36,581,000=13828
36,594=4022
36,600=14540
36,609,000=19598
36,659=11970
36,667,000=6601
36,684=7115
36,700=1577
36,717=8883
36,721=17505
36,811=1671
36,834=3015
36,902,000=15715
36-1/2=3606 17166
36-1/4=4477
36-3/4=14279
36-45=17332
36-5/8=6510
36-country=17803
36-day=17258
36-foot=18827
36-mln-dlr=8352
36-month=1427 5860
36-week=8865
36-year=257
36-year-old=12440 12612
36.0=2869 3697 6540 8262 11713 15871 18480 18497 20319
36.00=5757
36.01=10754
36.03=19984
36.07=9181
36.0p=6356
36.1=4019 6522 8039 9135 16130 16176 16215 16625 16680 17556
36.15=6363
36.17p=7085
36.2=3193 4029 11564 11592 13803 17232 20278
36.22=3904
36.23=8125 10757
36.25=4912
36.26=6943
36.28=5941
36.3=1582 6232 6890 8999 9032 9267 9521 11666 12160 14427 15043 15660 15714 16520 16987 18143 19841
36.33=20170
36.34=1174 12628
36.36=9143 17237
36.4=282 3980 6134 9146 11932 13803 16587 16600 20189
36.4300/5030=13324
36.45=5371
36.4604/5334=13324
36.47=13019
36.49=9189
36.5=319 2196 2253 3486 4021 5359 7949 11111 15875 16944 17900 19399 20561 21386
36.50=8010 8691 8791 8944 9285 16805 19612
36.52=6970 7029
36.6=4612 6134 6759 11629 11685 15660 15875 18422 20291
36.64=20046
36.67=6943
36.68=17901
36.7=774 852 922 3840 7841 9364 16307 19787 21141
36.72=940
36.77=17316 17382
36.8=1122 6522 8702 8890 12262 20168
36.84=5941
36.9=773 1878 4029 8292 10756 15797
36.93=10754 17375
36.95=319 15488
360=307 1112 1456 2639 4105 4106 5035 6657 6980 7143 7405 7731 8373 9998 10710 11223 12496 14119 16235 17024 17336 17460 19072 20550
360,000=327 462 2718 2767 4063 4071 4405 4941 5139 5825 7304 8060 8117 9203 9961 12057 12442 17641 18526 18531 18637
360,537=1020
360.0=2273 15871
360.1=2657
360.5=7455
361=411 8905 9298 9323 12435 15987 18292
361,000=10916 17413 17418 20274
361,285=10680
361,785=1618 1637
361.1=21359
361.5=2832
361.6=21490
361.9=11957
362=3517 9583 13687
362,000=1036 1566 1642 4898 13027
362,400=2456
362,500=313
362,692=9366
362,700=125 8086
362,883=14969
362,986=12359
362.1=15871
362.3=15660
362.4=2653
362.5=11414 15871
362.6=12631
362.8=2421
363=1459 7022 7408 8853
363,000=98 6481 11192
363.0=3474
363.7=7988
364=1945 2233 6381 9320 11453 15523 16353 18004 19088
364,000=19815
364-day=15816 16127 18904
364p=11202 11285
365=2031 5767 6548 7170 7573 7889 8841 9200 11220 12075 13173 13899 19553
365,000=4803 5214 6325 14103 21461
365,375=6849
365,430=12169
365,883=15292
365,897=12254
365.7=15438
365p=11206
366=3353 11752 12814 20475 20790
366,000=5339 8388
366,497=21191
366,671=12265
366,700=19435
366,953=8959
366.1=6771
366.13=4811
366.2=20161
366.50=13588
366.7=9399 19493 19494
366.8=10284
366p=6471 18499
367=1733 5539 16157 19127 19181 19395 19415
367,000=1017 1311 3992 8291 8559 17257
367.50=15413
367.6=2657
367.9=10564 15871
367p=11810
368=8138 15864 16589
368,000=20708 21053
368,188=6520 6521
368,300=15871
368,400=2000
368.0=5573
368.1=3602
368.3=2182 15871 21300
368.4=20161
369=356 5147 12986 13623 14464 15864
369,000=1320 1327 6233 11061 12915 16265
369,848=11031
369.1=15871
369.4=4893 11331
369.5=3615
369.6=21095
369.8=18048
37=23 28 98 105 145 234 288 327 334 341 422 592 854 855 965 1046 1292 1380 1467 1656 1662 1734 1770 1854 1861 1906 1976 2132 2310 2433 2806 2850 2938 3163 3173 3183 3345 3398 3592 3626 3713 3730 4041 4123 4125 4472 4624 4748 5314 5355 5582 5583 5650 5774 5934 6017 6121 6130 6282 6485 6503 6694 6816 7139 7261 7493 7959 8001 8009 8069 8131 8210 8236 8286 8317 8438 8585 8661 8707 8764 8815 8846 9066 9372 9466 9752 9855 9861 9866 9940 10119 10125 10210 10430 10693 10718 10833 11102 11148 11215 11543 11630 11712 11992 12033 12429 12477 12574 12715 12831 13115 13248 13670 13687 14088 14302 15254 15348 15352 15413 15538 15629 16086 16124 16350 16475 16633 16777 17031 17096 17193 17273 17380 17506 17646 17750 17956 18127 18271 18308 18328 18422 18473 18602 18627 18776 18983 18985 19037 19138 19144 19256 19280 19375 19398 19581 19638 19747 19820 20206 20221 20237 20295 20378 20414 21081 21153 21195 21262 21300 21350
37,000=19 1408 2372 2472 2964 4747 6657 7440 10169 11360 11401 11568 11654 14865 16010
37,059,000=3868
37,069,000=15715
37,097=13098
37,200=7143
37,207=1139
37,272=1903
37,295=3211
37,310=105
37,375,000=5438
37,416=12254
37,485=11424
37,500=6009 11830
37,500-square-foot=16011
37,531,576=8494
37,599=1640
37,600=5214
37,635=18571
37,724=12254
37,800=14988 15017
37,900=14010
37,950,000=2045
37,966=6005
37-1/2=1563 2332 3163 3183 3787 15857
37-1/4=17680 20663
37-1/8=6707
37-3/4=3163 3183 7391 10080
37-3/8=20895
37-38=15352
37.0=2337 4500 4612 5089 8058 8619 10897 10946 19009 20770
37.06=1924
37.09=6970 7029 9187 9192
37.1=1213 2253 3868 5941 6787 8424 9237 9625 12829 16760 17014 17768 20840
37.12=7544
37.15=3615
37.2=920 4081 4092 7019 7597 9229 12154 15189 17924 17926 20499 21275 21386
37.2427=6794
37.25=1556 16086
37.26=12628
37.2p=6356
37.3=10287 18213 19093 20324 21373
37.33=3483
37.4=6 3506 4686 5894 7790 8868 10956 11727 14744 20900
37.42=19515
37.44=2993 13094
37.47=9189
37.4p=5219
37.5=1783 2054 2198 4690 4745 5552 5770 8528 8581 9378 10146 10210 10284 10292 10721 10744 11300 11317 12429 14283 15871 15875 16109 17292 20400
37.50=714
37.55=21357
37.57=19045
37.6=774 2691 4223 4659 5417 8009 11385 12061 13108 13803 15061 17173 18483 19562
37.62=5815
37.66=17887
37.67=3615
37.7=4792 5682 6447 7008 7836 8614 11227 11859 14427 15875 16207 16342 16480
37.70=15391
37.8=774 922 1080 2810 2815 3840 5994 6447 7099 9378 13263 16342 16480 16809 18563 18829 19752 20728 21242
37.86=7544
37.9=1856 2789 5312 6787 8611 10999 16367 16569
37.96=19294
37.98=14732
370=281 2639 4366 7012 7531 8010 8495 8529 9285 11653 16213 16961 19110 20579 20725 21301 21454 21462
370,000=5018 5195 6274 7229 9189 9937 11653 13236 17131 18247
370,033=12991
370,390=12991 13216
370,500=96
370,700=19713
370.1=10342 11918 15871 21044
370.3=21337
370.4=8879
370.6=3474
370.7=1428
370.9=20438
371=4009 8138 9814 15238 15557 15864 16887
371,000=5090 8047
371,064=14393
371,700=313
371.1=7427 15103
371.3=10544 12893
372=7080 9956 11811 13993
372,000=7438 9502
372,500=12975
372.1=20235
372.5=3474
372.6=4223
372.8=20442
372.9=18317
372p=11202
373=5711 13420
373,000=6175 7070 8820 12341 17655
373,481=12360
373-day=20613
373.0=4015
373.3=2279
373.3-r=11953
373.4=434
373.7=20187 20833
373.9=11912 17527
374=716 2063
374,000=2350 7728
374,108=5461
374,198=6311
374,468=13116
374,482=18475
374,498=18988
374.0=5438
374.1=18284
374.25=8600
374.3=4569 9048
374.4=20801
374.6=2182
374.8=11912
374.9=434 7113
374p=12454
375=80 374 989 4893 5370 6178 7775 8755 10720 12463 13173 15220 15577 15826 16107 17093 17812 19164 19246
375,000=303 803 1407 2044 3051 6670 9738 9810 15422 17010 17638
375,061=1080
375,200=1581
375,400=800
375,899=8127
375-1/4=14555
375-450=17443
375.2=7970
375.8=17971
375.95=2110 7221
375p=6471 11285
376=1867 9770 9784 9821 9848 16175
376,243=1532
376,470=10966
376,897,330=12332
376,955=2907
376.0=8702
376.1=13033
376.3=15374
376.5=15871
376.8=20207
376.9=434
377=936 5060
377,000=1642 2729 3755 5680 8327
377,111=17672
377,300=800
377,412=646
377,617=16031
377.4=2832 21327 21436
377.7=20161
377.9=15871
378=364 10416
378,000=2350 3634 20432
378,600=11190
378.2=20161
378.4=11912
378.5=434
378.9=21356
379=3988 13298 18491 18494 18498 18625
379,000=15062 16574
379.3=8745
379.4=15875 16052
379.7=1059 21381
3792=14335
38=299 300 372 594 605 710 768 846 1285 1682 1917 1919 2112 2371 2374 2753 2877 2890 2945 3432 3484 3604 3740 3792 3818 4070 4166 4276 4765 5084 5385 5402 5475 5482 5512 5600 5657 5682 5726 5738 5796 5817 5922 6123 6147 6222 6240 6340 6590 6687 6760 6854 6857 6883 6972 7066 7079 7331 7359 7388 7408 7465 7571 8048 8085 8091 8130 8270 8441 8520 8561 8585 8655 8708 8879 8950 9182 9283 9382 9466 9550 9691 9759 9761 9848 10210 10278 10521 10538 11041 11338 11350 11602 11629 11632 11750 12135 12195 12209 12273 12277 12326 12345 12385 12443 12479 12760 12883 12924 12936 12962 13112 13413 13687 13796 13878 14068 14091 14268 14314 14450 14517 14622 15065 15228 15326 15352 15472 15590 15632 15702 15759 15975 16126 16192 16317 16390 16562 16572 16625 16717 16912 17079 17158 17350 17433 17460 17889 17892 18127 18242 18468 18473 18523 18577 18713 18953 19029 19083 19155 19549 19648 19655 19663 19679 19803 19854 20093 20174 20221 20314 20371 20388 20432 20446 20450 20474 20655 20770 20794 20900 20930 20943 21206 21222 21451 21480
38,000=275 3082 4589 5298 8684 10597 11360 11427 12166 18854 20005 20803
38,100,000=12085
38,290=12254
38,347=12254
38,366=2740
38,402=1618 1637 16541
38,441=1876
38,500=14455 17275
38,520=13086
38,528,000=15090
38,600=12798
38,608=13294
38,616=9265
38,678=10322
38,686,000=1367
38,759=3211
38,760=12787
38,800=13179
38,839=11276
38,853=8683
38,864=18475
38-1/2=9975 10900
38-29=6899
38-3/4=10915
38-hour-week=9975
38-year=1774
38.0=490 3193 6447 9650 9741 15871 19642
38.00=18222
38.01=9728 9734
38.04=1343
38.05=7757 7797
38.08=15916
38.1=138 922 4373 4500 6447 7752 8130 8262 8890 9839 12443 14888 14921 15344 16910
38.102=20978
38.2=2568 4184 5257 6165 7444 10512 11187 15397 15790 16377 16619 21264
38.20=5222 16315
38.25=14732
38.26=1174
38.28=15391
38.3=488 1903 5367 11978 17579 19270 20776
38.30=11778
38.37=3615 7537 7633
38.39=1949
38.4=5941 6201 8289 9270 16332 16378 20814 21232
38.42=1343
38.5=959 983 1476 2333 2362 2513 3205 3218 3313 3427 3687 5359 6196 8073 8457 8580 8899 8979 10672 10673 11331 14864 15107 15126 17914 18295 20740
38.50=496 714
38.52=15381
38.6=5407 5565 8262 11067 11307 11724 11726 14891 16283 17094 17409 19054
38.63=16086
38.64=2993
38.66=19348
38.7=2642 3870 7870 8614 8707 10756 11966 13712 17379 20640
38.74=2993
38.75=19184
38.76=16315
38.7p=10318
38.8=444 2048 3896 8706 8946 9066 11850 13856 15211 18269 20655
38.80=17922
38.875=6563
38.9=6298 7620 15793 16045 16584 17658 20217
38.93=17887
38.97=6948
380=936 2137 2639 5400 5705 5759 6547 6708 7075 8067 8483 8594 8618 9150 9257 9799 9853 10737 12413 13455 14331 17450 17538 18727 19381 20962 21005
380,000=867 1343 3873 3934 8134 8319 9001 9726 11160 15887 16318 16423 16860 17007 17025 17139 17650 21071
380,273=2613
380,325=9429
380,728=401
380,900=7026
380.0=5635
380.2=1445
380.9=11320 11633
380p=6402
381=203 4098 4602 14840 19259
381,000=2687 7621 10419 10453 15462 16815 17791
381,000,000=6653
381,050=8472 15605
381,171=13294
381,391=15733
381,841=11018
381.3=8630
381.4=7821 13712
381.6=1498
381.60=19561
381.7=5422
382=8203 11732 15864 18061
382,000=5407 8017 10870 17808
382,000,000=6557
382,014=10966
382,182=19392
382.0=21356
382.3=8999 15871
382.4=17527
382.5=7066
383=7531 19120 21379
383,000=5969 18719 21182
383,189=535
383,380=8818
383.3=3427
383.4=6198 6297
383.48=12798 14869
383.5=12841
383.8=13803
383.9=4472
384=462 6402 7794 8497 9386 9471
384,000=596 800 2750 3771 6256 6481 6668 8337 21045
384,622=2977
384,723=19710
384.1=17527
384.5=10411
3845=13634
385=2137 2722 3792 7356 8633 11060 13173 15875 18527 19028 19544
385,000=5214 5497 9231 19435
385,081=3782
385,146=7774 15777
385,747=11564
385.0=5422
385.2=21448
385.5=20181
385.9=17846 17861 20639
385p=19510
386=746 4756 8896 10829 14975 17483 18940 19589 19774 21217
386,000=11301 20026
386,041=20064
386,157=4637
386,300=1684
386,662=18029
386-a=8250
386-based=8896 10829
386.0=4015
386.7=8761
386s=10829
387=3086 6410 6665 6928 9638 11492 13077 15875 17392
387,000=4056 4216 6729 6830 11754 16801 20237
387,832=3634
387.3=20999
387.6-r=11953
387.8=20395
3871.00=14609
388=7977 17148 18008
388,000=592 4083 6681 20351
388,536=12078
388,600=19984
388,900=20917
388.1=11953 21337
388.11=5248
388.5=21266
388.68=7221
388.9=9372
389=6388 7577 13331
389,900=7026
389.1=13033
389.5=5015 21356
389.55=19554
389.9=924
3890.30=13907
3894.60=14279
38p=2029 14432
38pn=14432
39=27 49 211 234 528 610 671 680 805 859 1096 1446 1638 1682 2504 2691 2695 2708 2751 2752 2986 3221 3242 3634 4307 4556 4732 4760 5128 5150 5412 5592 5762 6213 6660 6765 6836 6863 6913 7075 7102 7576 8073 8163 8863 8979 9175 9177 9182 9417 9930 10195 10221 10366 10411 10632 10923 10991 11106 11627 11638 12014 12135 12179 12306 12494 13260 13623 13690 13791 13878 14559 14702 15110 15207 15224 15281 15329 15733 15985 16173 16175 16347 16429 16655 16851 16916 17100 17355 17455 17717 17789 18048 18422 18466 18473 18579 18858 18902 19380 20381 20488 20514 20598 20605 20628 20648 20650 20652 20711 20767 20929 20937 20984 21047 21164 21188 21192 21193 21242 21283
39,000=2907 8743 10974 12996 15682 21208
39,000-ton=4203
39,008=13061
39,009=18546
39,055,000=21453
39,080=1544
39,130=105
39,169=5051
39,250=17383
39,269=12922
39,357,197=13119
39,503,000=2182
39,598,000=11540
39,617=19440
39,700=11276
39,714=4022
39,754=1544
39,800=6481
39,812=3215
39,827=9525
39,834=1114 1121
39,858=9702
39,900=13162
39,986=8818
39-1/4=13800 13830
39-3/4=15149
39-3/8=17776 19897
39-day=1921 1973
39-hour=6603
39-seat=17862
39.0=899 2253 4500 8868 9625 9839 14744 15189 15875
39.00=13331
39.1=2960 3968 4107 6349 15534 16520 21275
39.10=19562
39.2=5327 6261 8633 11710 12397 15753 17474
39.2p=6356
39.3=4015 6799 10335 10715 20207 21373 21386
39.32=5640
39.4=202 2433 5257 5712 6622 8708 8799 9399 9556 12083 16623 19242
39.40=19348
39.481=18109
39.5=2663 3427 3447 3530 7083 9860 11354 15871 16207 18048 18242 18290
39.6=2253 6363 6427 17379 19044 19554
39.68=15026 16315
39.7=1803 4355 4581 9405 12869 14609 17753 21016 21173
39.75=5757 18479
39.79=20264
39.8=304 612 3585 5493 10393 11500 15660 16644 16987 20535 21237
39.9=6 1080 1881 4132 4346 4476 4612 7113 8826 10057 11745 11932 13225 21386
39.90=887
39.99=15906
390=239 645 1789 2639 3357 5103 5832 6970 7029 9799 9853 10155 10423 12939 13222 13653 16364 19779
390,000=254 4697 13277
390,179=3668 4169
390,246=19110
390,500=15462
390,776=17059
390,800=11190
390.0=15871
390.24=14869
390.4=15871
390.6=18620
390.7=12783
390.70=15906 19561
390.9=7455 16207
3903=14460
390p=6402
391=2975 5800 8161 8613 11138 15768 16382 17327 20223
391,000=1003 16284 19915
391,800=7319
391.5=15871
391.6=1070
391.7=3751 19493
392=3268 5765 6014 12796 15891
392,000=6481 7465 14983
392,000,000=21378
392,428=12079
392,600=13179
392,845=14418
392,975=8890
392.1=8199 18065
392.6=3462
392.7=21330
392.9=8148
393=8138 11200 13420 15987 16053 17036 17327 18781
393,000=4077 4671 7476 18208
393,241=11750
393,371=638
393,372=6232
393.1=20391
393.31=19538
393.5=15136
393p=19507
394=711 3483 15661
394,000=7887 16798 19365 19366
394,100=20426
394,589=8027
394.0=9605
394.1=9706 12841
394.4=8702
394.5=10529
395=1787 4467 15864 18113 18169 21110
395,000=9440
395,294=12265
395,967=12265
395-400=14555
396=2724 4136 9265 10124
396,000=6672 6674 16848
396.2=859 20937
396.4=2021 2023
396.7=859 8510
397=13576 13993 14464
397,000=8814 18997 20388 20930 20943
397.0=9736
397.2=6165
397.24=14869
397.8=19029
397p=8618 8685
398=3270 7977 12532 14001
398,000=7338 21222
398,202=19651
398,318=17630
398,823=832
398.05=15906
398.1=8708 8799
398.2=12477 18530
398.4=10037 17760
398.72=12765
399=3792 18541
399,000=327 586 5214
399,385=15679
399.0=20223
399.2=21109
399.62=7259
399.7=4475
399.8=9869
39a=2956
3:30=4570
3b=8439 8840 8896 21438
3b15=8792
3b2=8792
3b2/310=8792
3b2/400=8792 8896
3b2/600=8792 8896
3com=2665 4851 11054 13765
3d=14151 16844
3he=10854 11038
3m=3827 12688 17560 18080
3months=13536 13608 13980 14136
3mths=13465
3nd=8579
3p=920 8756 13420 13576 14432
3rd=2249 2806 3958 4934 5725 8579 15899 16360 16561 20168 20187 20255 20286 20299 20358 20393 20419 20517 20523 20529 20557 20639 20794 20885 20947 21175 21191 21215 21218 21244 21260 21302 21324 21403 21405 21436
3station=11054
3system=13765
3tandard=5929
3un=14432
4=49 343 460 563 652 1055 1190 1832 1918 1940 2470 2552 2714 2744 2793 2858 3008 3425 3443 3502 3670 3837 4369 4453 4474 4481 4519 4938 5060 5139 5377 5599 5666 5757 6358 6528 6636 6925 6965 7140 7509 7517 8357 8597 8785 9164 9169 9276 10013 10063 10243 10280 10282 10618 10649 10933 11001 11535 11649 11770 11911 12081 12490 12660 12897 12955 12966 13222 13346 13350 13730 13814 13843 13942 14340 14360 14370 14518 14520 14539 14552 14791 15073 15555 15557 15697 15710 15731 15734 15784 15809 15960 16115 16262 16359 16436 16444 16494 16637 17038 17048 17056 17104 17129 17137 17174 17199 17437 17476 17482 17704 17900 17906 18379 18752 18768 18897 18945 19410 19536 19596 19701 19751 19871 20379 20656 20929 20994 21130 21232 21234 21265
4,000=293 518 969 1440 1537 1946 3252 3819 3940 4034 4037 4061 4126 4436 4735 4781 5150 5870 6215 6546 8015 8743 8769 8800 9305 9349 9774 9937 10134 11223 11793 12613 12770 12849 12982 13179 13707 14327 14864 15129 15230 15369 16193 16362 16433 16750 17021 17813 17911 18407 18456 19110 19178 19291 19673 19715
4,000,000=20798
4,000,019=6505
4,000-strong=2310 3572 3796 14959
4,000/1,500=3256 12161
4,000/2,000=12164
4,000/3,000=12161 15728
4,001,000=680 7830
4,002,000=12154
4,003,000=21135
4,004,826=1446
4,004,840=3680
4,006,024=10923
4,007=15875
4,010,000=11132
4,011,000-dlr=19465
4,013,000=10851
4,014=2977
4,014,000=4747 6213
4,016,000=21271
4,021,000=9066
4,023,200=5671
4,027,000=20606 20932
4,027,852=11479
4,028,000=21350
4,028,231=4920
4,029,000=20771 20838
4,033,000=20885
4,036,000=1375 6175
4,037,274=15495
4,039,000=2266
4,040=15853 15875
4,040,000=12115
4,042,000=3669 12352
4,042.4=19038
4,043,200=5750
4,044=14783
4,046,000=9810
4,049,000=11567
4,052,000=20784
4,054,000=210 21114
4,057,000=21037
4,059,000=202
4,059,702=5610
4,061,000=11920
4,062,000=6551
4,064,000=20523
4,066,309=592
4,066,605=11336
4,066,777=4954
4,067,000=1011
4,068,000=6323
4,069,000=18769
4,070,000=10682
4,070,700=15889
4,071,000=2478
4,073,000=1208
4,073,724=11588
4,073,911=16592 16598
4,077,000=1138 1181 8457 8580 8899
4,078,000=7953 16045 16448
4,078,441=7432
4,080,500=20645
4,081,000=21275
4,081,534=2590
4,083,000=20711
4,083,833=10094
4,084,000=21488
4,085,000=2092
4,086,000=2693
4,088,000=20746
4,089=13134
4,090,000=6591 8740
4,095=15875
4,095,000=19332
4,096,000=21181
4,098.0=15871 15890
4,099,000=21173
4,100=1269 17731
4,100,000=6865 11529 12529 19099 19334
4,102,300=20645
4,104=2977
4,104,000=13
4,104,506=16912
4,105,000=3631
4,107,000=5930
4,107,713=6231
4,110,000=8275
4,112,562=12570
4,116,000=18591 20176
4,116,333=16592 16598
4,117,000=20498
4,122,301=1452
4,123=4550
4,124,000=5898 16817
4,125=12224
4,125,000=18710
4,126=15875
4,126,741=5581
4,127,000=4930 20234
4,128,000=5090
4,129,240=6520
4,130=11885
4,131,000=5339 5898
4,132,129=5367
4,132,828=15023
4,134,000=20634 21300 21447
4,136,000=606
4,139,000=9480
4,141,578=15960
4,142,000=11115
4,142,095=3782
4,143=17079
4,143,056=15981
4,147,248=5617 5629
4,150,000=11336 20135
4,151,672=3637
4,156,171=15000
4,160,000=19474
4,161.0=6 15917
4,163,006=8300
4,165,000=644 11060
4,166,750=5029
4,167,070=11588
4,169,000=10534
4,170=14311
4,172,188=5575
4,180,000=5704
4,181,000=15189
4,181,978=21132
4,184,000=6743
4,185,000=5950
4,186,000=5898
4,188=17505
4,189,000=8976
4,189,700=6672
4,191,540=5076
4,192,613=8448
4,193,000=10926 20784
4,194,000=5339
4,194,466=6711
4,195,000=8740 20793
4,200=9281 9400 10911 11022 12162 14081 15624 17731 18044
4,200,000=9316
4,202,000=5355 5650
4,202,305=11429
4,204.7=15871 15890
4,205,707=1528
4,206,371=11696
4,207,000=15189
4,210=14081
4,210,000=12631
4,211=4022
4,212,000=11115
4,214.9=439
4,217=10803
4,217,000=20825
4,217,675=3320 16216
4,218,754=646
4,222,000=14300
4,224,000=1585
4,224,633=6711
4,225=15624
4,225,731=9312
4,226,000=20432
4,230=8127 14081 15624
4,233,000=3730 20920 21489
4,234,000=3908
4,235,914=20712
4,236,000=9427
4,244.3=15871
4,246,000=1650
4,246.6=13803
4,247.6=15871
4,249,221=646
4,250=15531
4,250,000=1260 19820
4,251,553=4521
4,252,000=20217
4,253,000=9610
4,254,000=10964
4,255,000=9576 20529 20581
4,255,731=9330 9390
4,256=13865
4,256,000=7330
4,256,708=16422
4,257,000=9973 9981
4,258,000=3569
4,261,000=11649
4,262,000=11302
4,267,871=1657
4,268,000=6420
4,271,000=5500
4,271,488=2590
4,275.4=438
4,276,000=20648
4,277,000=1251
4,277,046=21236
4,277,157=3557
4,278,055=6257
4,279,000=14646 18828
4,284,693=4541
4,285,000=12569
4,292,819=1532
4,293,393=4219
4,294,000=7455
4,294,300=6672
4,295=12244
4,299,000=3624
4,300=11624 11910 13026 13416 13530 15875 16010 17862
4,300,000=978 9402 9960 10485 11503 15202 20530
4,302,430=21236
4,307,000=557 7157
4,307,180=20363
4,307,645=855
4,310,000=1128
4,310,068=6187
4,311,000=2028
4,312.4=15871
4,313,000=7734
4,316,000=15189
4,318,000=3989 15189
4,3200,000=1200
4,321,376=16371
4,322,342=20363
4,322,816=16422
4,322.37=19315
4,323=16422
4,323,614=16422
4,324=12892
4,326=14455
4,330,000=7462 17967 21266
4,333.1=15871 15890
4,339,000=18610
4,340=1
4,344=3234
4,344,204=11307
4,345=1
4,346,000=5355 5650 13715
4,347,000=680
4,348,127=646
4,350=1
4,350,000=3059 3668 4169 11301
4,351=1 13687
4,352,000=20652
4,355,000=1251
4,356,285=11683
4,356,561=20817
4,356,774=3637
4,357,000=9334
4,358,947=20813
4,359,000=4930
4,360,000=13031
4,360.6=13803
4,361.0=15871
4,363.8=15871
4,364,000=10254
4,366,000=6668
4,367,000=21254
4,367,864=3874
4,369,000=20659
4,371,795=8300
4,373,000=3629 6696
4,374,000=16492
4,374.3=15871
4,377=19211
4,377,000=1314
4,379,000=16812
4,380,000=18721
4,383,825=8565
4,384,000=3569 10083
4,385,000=7821 17660
4,387,000=21489
4,391=14133
4,391,000=11667
4,394=4899 5039
4,394,000=2490
4,397,000=4012
4,399,000=8738
4,400=1 3324 4202 10175 12314 14554 14572 19892
4,400,000=1450 5500 16844 20894 21256
4,401,000=20195
4,402,572=2380
4,403,000=1768 10822
4,403,852=1759 1768
4,404,000=3602
4,406,065=4457
4,407,000=1643
4,409,000=7621 13138
4,410=17911
4,410,000=1638
4,410,954=12239
4,411,000=12631
4,415=1
4,417,000=16337
4,418,718=16347
4,419,000=7739
4,419,923=7714
4,420,000=4732
4,421=2019
4,427,000=10870
4,429,000=15023
4,430,000=2539
4,435,000=5297
4,435,691=6552 6679
4,436.05=12777
4,437,000=7283
4,440=1021
4,440,000=16115
4,442,000=21346
4,446,000=10254
4,446,958=17672
4,447,000=1677 1734
4,448,000=3870
4,448,011=1452
4,450=1 15531
4,450,675=7133
4,451,732=8530
4,454,031=11567
4,458,040=4914
4,464,000=8001
4,466,006=1271 1301
4,469,000=2266
4,470,275=680
4,472,0000=658
4,473=4436
4,475,000=5316
4,475,930=13023
4,476=4022
4,476,000=5316
4,477,000=11967
4,479,000=1007
4,480=1
4,480,540=20814
4,481,000=11727
4,483,047=1655
4,484,000=1689
4,485,000=15028
4,486,000=15189
4,486,510=20600
4,487,000=2789
4,490=7842
4,491=11672
4,493,000=1404
4,495=17483
4,495,000=20657
4,495,021=14954
4,496,000=21017 21148
4,496,533=15960
4,497,000=20794
4,498,000=4732
4,499=17482
4,500=3430 4914 4973 5039 6656 9327 10519 11190 12849 15875 17429 20511
4,500,000=1619 1849 4214 5019 11058 11883 12189 16307 16831
4,503=8939
4,503,000=11301
4,504,000=3730 16369
4,505,000=1404
4,507,800=5602
4,508,000=6017 8001 11301
4,516,042=10573
4,520,393=7432
4,520,781=1344
4,521=7842
4,524,000=6084
4,524,315=10885
4,525,000=20523
4,528,000=10974
4,529,300=2252
4,531,000=7621
4,532,175=6323
4,537,000=15062
4,538,000=21032
4,539,000=16719
4,539,437=1528
4,540,000=16115 20583 20672
4,540,459=20777
4,543,000=1527
4,544,929=2380
4,546,000=8447
4,548,000=6540
4,549,000=5632
4,550,00=840
4,551,000=17791
4,551,105=9914
4,553,380=21036
4,555,000=12204 12207
4,557,000=484 21300 21447
4,558,244=10856
4,559,004=12255
4,559,646=15000
4,562,000=7074
4,565=18849
4,565,189=21236
4,565,752=20135
4,568,000=8581
4,568,656=16670
4,570,000=8979
4,572,000=7073
4,573,000=1245 8291 8559
4,573,200=16378
4,577,000=1284 1288
4,582,000=4176
4,582,260=11153
4,583,000=15594 15851
4,583.0=13803
4,584,000=7190
4,589,000=17773
4,598,000=2304
4,600=188 19280 20026
4,600,000=4224 9301 15175 21137
4,600,199=20135
4,601,463=10923
4,602,000=5565 20931
4,604,406=3697
4,606,242=17751
4,608,000=21489
4,609,613=16347
4,612,919=13116
4,612.1=13803
4,614,000=1460
4,617,034=7774
4,618,232=15777
4,619,000=8925
4,622=7047
4,623,000=20490
4,623,295=6620 15233
4,625,000=17965
4,626,000=2518
4,628,000=2691
4,628,650=18953
4,630,000=20564
4,635=13108 13216
4,637,000=21238
4,638,000=1461 3631
4,639,000=202
4,639,162=2887
4,640,687=18648
4,642,000=5312
4,643,000=5321
4,643,803=12169
4,644,000=7404
4,644,080=12282
4,646,000=11617
4,646,285=9428
4,647,000=37
4,648,000=18875
4,650=12956
4,650,585=5976
4,653,000=2016 2188 2249
4,653,815=20814
4,656,000=4141 15065
4,658,000=7621
4,660,000=1245
4,661,000=16374 16405
4,665,553=5051
4,666,104=12098
4,672=4022
4,673,253=98
4,675,435=9876
4,675,904=16347
4,676,000=837
4,678,000=9250
4,679,000=3545 6293
4,680=17731
4,682,000=15476
4,683,591=9562
4,685=8683
4,685,930=10885
4,686,000=4732
4,688,000=1191
4,690,000=12715
4,692,000=3903
4,693,000=739
4,695=9400 12090
4,695,000=2421
4,698,501=21460
4,700=446 1269 4022 17731 19392
4,700,000=437 1497 2042 2273 5416 5602 6325 11529 17574
4,702,999=5076
4,704,000=10225
4,707,000=19854
4,708,896=8965
4,710,000=2693
4,711,000=8275 11543
4,711,350=16422
4,712,315=6187
4,714,000=8291
4,714,581=4257
