23.47=7255 15906
23.48=15906
23.49=15906
23.5=356 462 1245 1779 2303 2335 4934 5997 7620 7904 8439 8644 8799 9142 10045 10611 10917 11781 11953 13146 15181 16655 16804 17506 19349 20419 20634 20946
23.50=3402 4851 8346 15906 18531 20679
23.51=15906
23.52=4152 9836
23.54=4225
23.55=11173
23.5p=11859 15380
23.6=6 734 996 2304 2471 3638 4820 6464 6540 7953 8794 9854 10605 15765 16551 17143 17429
23.6-r=11953
23.60=4485
23.61=364
23.68=1535 4993 5052
23.7=1181 2300 2320 2539 3138 4223 4307 5146 6901 8821 9691 11758 12149 12426 15056 15104 15250 17339 17901 19974 20515 20627 20655 20669 20910
23.71=364
23.72=1681
23.74p=11855
23.76=5815
23.77=3016 5234 18773
23.79=3579 3630
23.8=434 1181 1704 1712 3420 3486 4223 4625 4727 4967 8510 8579 10720 11754 15043 16294 17331 19142 20937
23.80=10287
23.81=9639
23.812=18206
23.85=4072 4221
23.9=780 940 968 1650 6017 6047 6787 7096 7133 10208 10287 10598 11047 11617 12862 14843 15270 16116 16886 19009 19304 20685 21437
23.91=5817
23.99=2615
230=130 443 888 957 1246 2267 3457 3798 4149 7841 8015 8711 9139 9209 9899 10887 11647 12783 15331 15987 16119 17023 17435 17490 17585 17787 18347 21123
230,000=1990 2246 3955 5403 8732 9274 9444 9647 12187 14736 20790
230,188=7762
230,265,000=18096
230,764=8140
230,949=5043
230-112=15941
230-240=14169 14281
230-missle=14283
230.0=12715
230.00=14531
230.1=6771
230.4=11414
230.6=5314 21218
230.8=3316 19204
230.9=16635
2300=5631 7054 10734 10773 10942 11013 11534 15403 16756 16785 17472
2303=13801
2304.78=15584
2305=218
231=4962 7304 8060 8761 12093 13019 18347
231,000=1689 10788 14981 16080 21238
231,256=1157
231,660=10299 10306
231,722=5191
231.1=15459
231.2=21300
231.4=11859
231.7=7439
231.93=8694
231p=7174
232=1623 2119 4358 8979 15864 17393 18776 21368 21423
232,000=199 2839 6187 10083 12818
232,006,000=5355
232,049=12254
232,275=9702
232,601=14275
232,991=12306
232.0=5650
232.00=1205
232.1=4660
232.3=1466
232.6=20467
232.8=9940
2322=4907
2324=13967
2326=3062 13322
233=1598 2063 2206 2554 7499 9650 11137 11773 15552 16175 18470 19584 20174
233,000=1067 5582
233,003=8140
233,200=7026
233,313=5191
233,403=14230 14275
233,448=16145
233,600=2172
233,641=5191
233,983=9106
233.0=16944
233.08=18439
233.2=2810 9311 20042
233.26=8694
233.3=16735
233.6=8903
233.8=20105 20228 20286
233.9=4660 12318 15026 15103
233.91=2008
2330=20805
2332h=13967
2332l=13967
2333=13801
2333-point=8024
2339=16072
234=888 957 1890 3317 6363 9926 9977 11137 13591 15891 17964 18146 18347
234,000=15130
234,326=17802
234,504=21181
234,518=20085
234,745=10053
234,829=18158
234.0=12282
234.2=20586 20650
234.4=19642
234.50=888 957
234.9=17971
2349=13801
235=2186 3188 4007 6740 7543 9560 11242 12709 12720 15678 15722 15849 17096 19287 19300 19452 19572 21123 21368 21423
235,000=605 4593 4689 6859 7887 10165 10853 13656 16080
235,038=8108
235,092=1246
235,274=16645
235,572=2020
235,665=14230 14275
235,750=2714
235,800=13162
235,916=822
235.1=12266
235.3=2961 12262
235.40=12703
235.5=2239
235.9=7970
2350=13801
2355=13980
2358.96=15584
2359=18247
235p=3021
236=4746 11453 14448 17896 18347
236,000=4276 12166 12818 12838 13053 13208 17010
236,100=6711
236,469=12506 12515
236,836=12254
236,996=646
236.1=530 860 20337
236.2=20165
236.3=16643 21360
236.5=21315
236.7=20247 21474
236.77=6586 15996
236.8=15871 19068
236.90=58
2360=13536
2360.94=14638 14748
2361=14605 14734
2367=13758 14559
237=1890 6737 7102 9607 17207 21123
237,000=3422 4898 13053 15669 18650
237,773=19787
237,859=11031
237,862=8108
237,961,000=1367
237,969=4120
237.2=8999 16602
237.23=12394
237.35=4099
237.4=5972
237.74=5228
2370=13608
2373=13967 14448
237p=941
238=5887 9160 14467 17933 20174 21123
238,000=135 1285 18411 18414 19431
238,287=14230 14275
238,400=20797
238,700=793
238,821,000=1184
238,900=15276
238,955=1618 1637
238.0=14962 14967
238.1=8633 18210
238.11=5248
238.3=11957
238.5=16888
238.6=9736 10284 10292
238.7=15712
238.8=12885
238.9=4205
238.99=8619
2380=10012
2380t=13967
2381b=13967
2383=14505
239=1208 4223 4746 5473 8322 11414 11502 14418 17549 21407
239,000=16492 18713
239,034=18068
239,500=1118
239.2=7359
239.4=9311
239.5=2938
239.6=18509
239.7=6583 20339
239.8=6094 7793
239.97=8619
2390=13140
2396=13800 13830
239p=5213
23p=12767 13576 13993 16207
23rd=3890 8850 19432
24=62 74 125 188 228 256 287 290 535 569 579 580 627 710 722 776 778 785 814 821 828 844 889 951 953 995 1188 1315 1339 1367 1387 1401 1547 1559 1601 1621 1643 1794 1817 1975 2049 2114 2148 2186 2246 2279 2323 2348 2364 2449 2539 2551 2552 2608 2614 2642 2661 2708 2731 2754 2770 2807 2824 2825 2890 2912 2960 3019 3065 3104 3156 3161 3220 3263 3466 3479 3573 3600 3718 3782 3786 3793 3996 4016 4066 4155 4193 4232 4240 4313 4347 4389 4411 4525 4739 4775 4830 4841 4870 4893 5012 5098 5114 5123 5125 5142 5156 5171 5235 5281 5309 5330 5335 5346 5414 5458 5570 5576 5579 5590 5677 5682 5711 5714 5734 5742 5744 5813 5815 5830 5849 5889 5969 6004 6079 6105 6115 6149 6221 6259 6295 6305 6371 6379 6412 6463 6480 6495 6526 6551 6568 6570 6594 6652 6658 6660 6793 6821 6991 7003 7018 7077 7086 7105 7113 7250 7275 7319 7320 7351 7435 7543 7607 7654 7707 7824 7880 7902 7927 7934 7940 7941 7977 7998 8005 8027 8085 8091 8110 8146 8192 8214 8297 8415 8425 8440 8479 8487 8491 8509 8516 8585 8661 8749 8750 8788 8792 8810 9033 9035 9155 9158 9167 9219 9238 9240 9340 9383 9427 9429 9438 9452 9464 9640 9666 9687 9690 9705 9725 9740 9758 9795 9798 9810 9877 9906 9950 9959 9975 9978 10054 10129 10206 10253 10312 10336 10351 10405 10500 10542 10597 10648 10649 10699 10716 10768 10829 10830 10841 10856 10923 10925 10979 11057 11154 11195 11221 11239 11244 11266 11331 11367 11428 11442 11451 11534 11630 11643 11714 11756 11760 11865 11878 12064 12101 12179 12183 12195 12227 12375 12383 12443 12520 12550 12573 12722 12725 12782 12811 12831 12843 12857 12861 12904 12926 12992 13003 13016 13146 13224 13231 13256 13266 13291 13452 13557 13586 13657 13834 13839 13850 13878 13883 13942 14132 14285 14520 14554 14572 14622 14649 14689 14749 14824 14921 14949 14963 15082 15112 15145 15157 15166 15221 15276 15288 15303 15328 15334 15362 15476 15536 15540 15564 15580 15679 15683 15686 15709 15774 15803 15811 15902 15932 15933 15934 15957 15959 15974 15995 16007 16035 16086 16102 16170 16175 16179 16277 16329 16412 16466 16549 16555 16638 16705 16717 16727 16783 16788 16817 17026 17135 17415 17460 17468 17476 17492 17540 17654 17714 17812 17848 17863 17900 17911 17914 17935 17953 18205 18233 18262 18301 18326 18329 18422 18488 18501 18551 18553 18563 18564 18626 18646 18697 18818 18899 18967 19022 19037 19041 19043 19072 19094 19193 19322 19401 19526 19530 19596 19667 19787 19795 19909 19940 19972 20090 20101 20123 20242 20278 20292 20333 20384 20557 20562 20620 20670 20695 20711 20767 20770 20812 20869 21005 21092 21147 21164 21166 21196 21260 21265 21272 21321 21360 21386 21497
24,000=816 3457 5788 6529 7190 7887 8159 9583 11885 12294 15005 17131 17342 19064
24,025=14418
24,057,000=21272
24,082=11885
24,100=3901
24,152,000=11540
24,271.3=15871
24,311=9525
24,325,000=21012
24,355.5=15871
24,391=10324
24,500=2172 7351 9400 20723
24,516=311 13275
24,564=3207
24,614,352=9388
24,636=311
24,683=11885
24,700=12484
24,707.68=19490
24,735=3207
24,756,000=13119
24,774=15960
24,839,000=1084
24,890=12798
24,900=816
24,902.72=19490
24,907,000=21113
24,951=15875
24,967=7842
24,973,000=2806
24-1/2=7286 13115 14649 19248 20238
24-1/8=706 20396
24-26=8411
24-27/4=15728
24-28=13465
24-3/4=14609
24-7/8=14279
24-count=6216
24-day=10259
24-hour=276 328 704 1241 3267 3300 3815 3966 5630 7908 9292 10838 11199 11534 13283 14406 18209 19092 21370
24-hours=2952 17191
24-inch=17771 18389
24-industrial=179
24-mile-wide=10647
24-month=1427 1854 18780
24-nation=5973 6099 17368 19000
24-ore=19575
24-week=9360 11948
24-year=10066
24.0=780 1764 4472 6273 8854 8877 15875 16116 16944
24.00=1108 1118 14190
24.03=8271 8277
24.06=5815 6935 18514
24.07=3016 15381
24.08=18689
24.09=11173
24.1=399 456 1087 1423 3688 5682 9427 10247 11966 12266 12562 13288 13803 14930 17442 20308 20548 20918
24.12=9836
24.125=17178
24.13=4205 5264 9187
24.15=12435
24.17=20264
24.2=74 1181 1315 1339 3919 4485 5739 5802 6261 6309 6310 7061 8668 10317 11539 12115 15598 16219 19667 20332 21437
24.20=19515
24.24p=8155
24.25=3334 7992 15870 18556 19483
24.3=1017 1096 1311 2803 2961 6500 10486 14666 15908 19504 19915 20913 20918
24.30=10291 13331
24.34=8905
24.36=4895 16969
24.38=395
24.3p=899
24.4=1181 2048 7135 8001 9576 11758 11870 11884 13194 13803 15145 16775 17241 18267 19142 20928 20937
24.40=12298 15910
24.417=5748
24.42=15192
24.48=16250
24.49=3554 18487
24.5=6 644 1147 1170 1181 1472 2316 2544 4216 4612 5894 6658 7088 7107 8135 8668 11884 13288 15875 16126 16619 17527 17875 20802
24.50=2654
24.53=10825
24.58=7923
24.5p=8668 9189
24.6=1611 2752 6500 6729 6830 7276 7607 10480 11046 15192 16635 16941 16987 19029 20927 21214
24.60=3072 3263 4465 4733 4910 5091 6473
24.61=3414
24.625=7992
24.66=16545
24.7=698 836 4792 6210 9366 11680 13031 14872 15006 15145 15713 16681 20385 20646 20984 21275
24.71=1889 15906
24.75=15906
24.79=416
24.8=640 883 1007 3368 5544 5614 5968 6893 7099 7135 8691 9334 9810 15240 16140 16141 17385 18546 18637 19581 19638 20557 20813 20837 20918 20988 21437
24.81=10287
24.816=1308
24.875=17178
24.8p=8668 9189
24.9=2602 3413 4160 5516 7918 9894 10757 10840 10943 11029 11074 11080 11145 11743 12394 12610 12863 19815 21046 21437
24.90=10291
24.90/94=14063
24.95=3334 12845 15870 15914
24.953=17169
24.97=13298
24.97/25.00=13421
24.98=4690 8125 10744
24.98/25.02=13421 14063
24.99=6689 6914
240=443 1433 1466 2944 3138 3267 3612 4182 4201 4877 5097 5234 6090 6657 6699 8148 8916 9175 10617 11916 11929 12015 12435 12460 13052 13287 13499 13541 13622 14100 15581 15739 16765 16778 16948 16964 17101 17497 17839 18039 18317 18339 18347 18407 18456
240,000=287 297 525 2058 2246 6144 9725 12057 12743 15980 16364 16801 16804 17109 17480 17486 17783 17805 18337 18412 19069 19477
240,300=7026
240,500=15871 15975
240,697=5454
240,902=5451
240-260=14163
240-270=8755
240-mln-dlr=1280
240.1=10338
240.2=8313
240.24=9171
240.34/44=888 957
240.5=4058 19598 20225
240.7=6488 10292
240.8=1993
240.9=15094 20651
2400=2637 6093 6441 9246 10012 11763 13662 13800 13830 14748 15565 17734 17744 21404
2400b=17734
2405.54=14748
2406=13662
241=3151 6053 9855 10743 11137 19845
241,000=293 4261 6103 9615
241,192=12572
241,465=2887
241,567=8140
241,632=19392
241,857=535
241.0=6738 10284
241.1=15871
241.2=20715
241.3=17032 18308
241.4=7838
241.8=3480 20648
2410=13967
2415=14102
2415b=13967
2416=13938
2417=14352
2419=13801
241p=941 6363 16136
242=305 904 1388 1926 2354 2742 11137 13499 14467 15421 17775 19392
242,000=6129 21135
242,453,000=15028
242-home=18892
242.0=3118
242.1=10338 11896 16140 16141
242.3=16343
242.5=15141 18509
242.6=4085
242.8=594
242.9=1602
242p=4266 10743
243=2022 3317 6948 13576 15864 16175 19714
243,000=7184
243,064=4160
243,161=13026
243,191=13116
243,400=10883
243,400-share=11744
243.4=21386
243.5=13014 16987
243.6=1011
243.7=13615
243.8=19170 19171
243p=8191
244=1733 2137 4938 10694 11773 13499 15858 17553
244,000=1080 11964
244,119=12334
244,500=14068
244,749=13116
244,900=13116
244.0=20973
244.3=2938
244.4=1484 3860 3890
244.5=5314 15871 20545
244.6=20414
244.7=20586 20650
244.9=13225
2444=3438 10729
2447=3438 10729
245=558 1931 5467 8417 14266 15354 15380 15389 15524 15529 15724 16118 17460 18347
245,000=7900 8615 9865 13118 16077 16739
245,190=13203
245,232=14728 14730
245,405=9702
245,560=4361 4385
245,718=19424
245,931=20493
245.0=20949
245.4=19887 19928
245.5=16662
245.5p=16136
245.6=11007
245.62=14732
245.7=11494 12820
245.9=15871
246=5765 8149
246,000=11645 12915 14569 16808 17010
246,500=19428
246-1/2p=4098
246.9=19050
2463=14460
247=3925 6586 9707 15875 20393
247,000=603 731 4803 6504 7229
247,0000=10840
247,100=2252
247,372=4879
247,469=19507
247,489=1177
247,970=5317 5543
247.0=15459
247.5=3474
247.51=9856
247.7=20685
247.91=14732
248=1890 4644 6966 10518 13487 13623 18657 20838
248,000=2320 4420 5847 8892 11395 17660 19101 19145
248,200=9639
248,419=16376
248.0=20771
248.1=15344
248.3=8211 19887 19928
248.4=20746
248.44=6301
248.5=8100 8615 8630 20344
248.6=16735
248p=4266
249=2063 2269 5887 11137 15315 17734 19078 21112
249,000=4313 10964 11987 18373 20659
249,143=7843
249,192=8300
249,814=1015
249,920=20926
249.0=2071
249.03=940
249.10=19057
249.2=20771 20838
249.4=4223
249.5=20213 20798
249.6=21019
249.7=9985
249.9=13265
24p=11850
24th=5769 11811 12730 12837 17227 17288
25=5 9 45 49 62 69 81 85 108 109 142 147 149 154 165 170 221 247 265 295 302 325 327 346 393 414 420 421 466 496 515 533 540 635 722 724 767 776 786 841 852 881 898 907 933 946 960 966 970 980 1000 1006 1012 1060 1065 1077 1095 1152 1169 1172 1198 1201 1227 1244 1245 1249 1252 1275 1298 1299 1344 1355 1360 1473 1478 1518 1547 1558 1559 1578 1616 1623 1682 1711 1816 1842 1872 1875 1889 1902 1906 1923 1926 2033 2040 2051 2061 2088 2119 2121 2134 2160 2163 2172 2194 2196 2198 2248 2257 2260 2298 2337 2345 2354 2389 2391 2486 2491 2500 2526 2534 2549 2556 2647 2661 2695 2742 2744 2780 2781 2783 2828 2849 2872 2905 2924 2971 2973 2986 3023 3026 3028 3034 3048 3068 3085 3110 3188 3192 3217 3258 3261 3282 3294 3329 3342 3396 3454 3487 3488 3493 3514 3517 3529 3547 3563 3590 3592 3594 3601 3609 3620 3665 3698 3724 3732 3745 3762 3778 3779 3845 3860 3884 3890 3903 3917 3981 3994 4010 4014 4018 4037 4039 4049 4054 4088 4093 4106 4120 4126 4129 4132 4160 4179 4186 4202 4203 4215 4243 4253 4283 4328 4355 4365 4370 4374 4403 4418 4452 4485 4497 4522 4551 4572 4602 4608 4609 4645 4668 4674 4726 4818 4819 4874 4885 4968 4987 4999 5014 5026 5083 5092 5095 5131 5135 5143 5144 5161 5180 5187 5208 5217 5222 5268 5278 5325 5335 5342 5347 5351 5356 5370 5432 5501 5525 5537 5585 5631 5649 5671 5711 5737 5812 5847 5876 5896 5969 5973 5985 5988 6033 6051 6099 6149 6157 6178 6218 6231 6252 6319 6341 6379 6400 6406 6461 6491 6532 6539 6547 6563 6568 6577 6588 6603 6604 6610 6647 6678 6685 6689 6718 6722 6739 6751 6760 6798 6821 6843 6844 6851 6902 6914 6950 6973 6977 7016 7038 7043 7044 7055 7060 7062 7063 7067 7088 7095 7105 7107 7140 7148 7158 7181 7221 7239 7288 7319 7332 7358 7382 7384 7424 7442 7455 7496 7543 7553 7559 7566 7601 7608 7639 7683 7687 7733 7750 7775 7801 7866 7869 7892 7932 7973 7990 8028 8078 8080 8089 8098 8100 8131 8136 8198 8256 8259 8281 8328 8357 8359 8467 8495 8497 8512 8519 8529 8541 8551 8555 8585 8595 8622 8628 8629 8639 8659 8661 8666 8690 8705 8724 8764 8785 8792 8798 8806 8809 8943 8944 8946 9030 9031 9040 9082 9091 9106 9130 9147 9156 9164 9174 9186 9208 9223 9258 9266 9326 9399 9413 9433 9436 9441 9448 9458 9484 9488 9537 9541 9558 9581 9601 9625 9639 9646 9672 9673 9757 9759 9880 9888 9902 9908 9936 9959 9992 10025 10043 10156 10167 10175 10202 10229 10259 10268 10278 10310 10316 10317 10336 10347 10350 10361 10388 10423 10432 10462 10494 10519 10521 10537 10569 10583 10610 10625 10637 10662 10670 10691 10722 10732 10733 10741 10752 10764 10798 10799 10811 10856 10869 10877 10911 10917 10929 10931 11022 11039 11044 11049 11063 11070 11120 11128 11135 11156 11177 11178 11182 11196 11204 11236 11263 11271 11272 11451 11466 11470 11471 11487 11514 11526 11627 11637 11638 11669 11707 11740 11743 11781 11797 11819 11822 11830 11885 11915 11926 11936 12013 12046 12060 12119 12146 12159 12160 12179 12180 12225 12236 12279 12347 12372 12395 12426 12428 12429 12446 12489 12526 12535 12537 12614 12640 12690 12719 12730 12786 12803 12827 12837 12847 12849 12878 12887 12951 12971 12975 12983 12993 13008 13011 13019 13038 13121 13130 13137 13150 13159 13179 13204 13263 13277 13281 13423 13462 13494 13537 13623 13659 13687 13708 13709 13738 13814 13878 14103 14180 14189 14285 14324 14398 14426 14444 14464 14547 14551 14561 14629 14702 14716 14722 14728 14730 14742 14758 14827 14828 14878 14920 14949 15003 15043 15063 15102 15125 15157 15168 15179 15194 15205 15236 15264 15274 15326 15331 15352 15366 15385 15496 15529 15675 15686 15722 15731 15743 15770 15794 15893 15975 15982 16015 16060 16062 16097 16099 16116 16154 16170 16171 16174 16216 16249 16257 16283 16309 16329 16341 16352 16381 16461 16503 16557 16558 16572 16583 16591 16608 16641 16691 16705 16710 16715 16722 16724 16768 16826 16836 16891 16948 16953 16961 17016 17026 17057 17113 17136 17139 17143 17194 17212 17239 17281 17294 17304 17333 17359 17372 17381 17388 17392 17405 17407 17408 17434 17478 17492 17523 17531 17536 17568 17581 17612 17631 17654 17678 17700 17714 17735 17795 17822 17833 17910 17913 17929 17936 17946 17957 17963 17964 17986 17987 18083 18113 18128 18172 18188 18199 18206 18215 18218 18251 18398 18479 18503 18504 18510 18528 18576 18618 18652 18663 18712 18756 18784 18801 18805 18816 18821 18822 18896 18951 19016 19018 19019 19037 19038 19041 19052 19083 19086 19107 19123 19127 19128 19131 19149 19151 19165 19191 19194 19220 19319 19334 19397 19423 19437 19526 19540 19542 19549 19563 19571 19612 19621 19672 19679 19682 19683 19701 19713 19760 19799 19810 19843 19864 19895 19918 19951 20045 20165 20168 20187 20219 20228 20250 20310 20321 20375 20382 20392 20406 20477 20497 20509 20535 20545 20553 20666 20768 20771 20833 20838 20841 20871 20888 20953 20956 20967 21028 21052 21092 21094 21115 21123 21182 21188 21194 21206 21213 21273 21296 21336 21372 21417 21455
25,000=448 749 769 1136 1390 1394 1395 1519 2001 2003 2172 2217 2255 2509 2536 3115 3664 5244 5718 6274 6284 6672 7215 7501 7579 8265 8319 9374 10489 10830 11885 12161 12162 12399 12543 12726 12727 12818 13053 13865 14702 15534 15618 15643 15916 16327 18252 18417 18427 19052 19145 19322 19502 20239
25,062=2557
25,100=366
25,114,000=13119
25,124=11885
25,126=15875
25,156=12224
25,165=4077 4630
25,182.6-x=15890
25,190=105
25,191=4869 5039
25,192=11043
25,278=10680
25,286=4869 5039
25,288.12=19064
25,338=15875
25,459,238=69 15953
25,500=501
25,508=4436
25,530=2907
25,534=1627 1646
25,559=258 425
25,617,000=15136
25,651=3901
25,667,000=7884
25,734,000=17556
25,741=13807 13832
25,744=13070
25,746.56=20861 20899
25,779=1704 1712
25,786=3207
25,790=4101
25,800=8742
25,836=5530
25,851=1627 1646
25,873,904=69 15953
25,876=7075
25,890=21178
25,909=2977
25,929.42=19490
25,980,352=13687
25-1/2=13878 15019
25-1/8=8896 9043
25-24=12248
25-26=9658
25-27=14201
25-28=7934
25-35=7934
25-4/5-5=15728
25-acrte=6229
25-cent=1918
25-day=19873
25-december=10319
25-dlr=8944
25-dlr-per-share=8944 8947
25-june=14722
25-member=16617 18110
25-mln=10363 14742
25-nation=6796
25-page=12602
25-pct=11472 13250
25-year=2690 4367 10496 11559 14071 14999 15416 16720 18657
25-year-old=6338
25.0=422 3323 5890 5948 6185 7061 8474 9021 9250 11874 13854 14509 15145 15871 15949 16207 17469 20113 21336 21479
25.00=2666 3210 15910 16176
25.01=10648 10744 19494
25.03=15910
25.05=17508
25.08=7665
25.1=6 1940 2505 4330 4892 5257 6727 6840 7408 8875 8879 8900 8997 10130 10610 12150 12874 17777 18982 20648
25.11=364
25.13=13182
25.137=62
25.15=11346
25.154=17169
25.16=9351
25.164=1308
25.18=9700
25.19=4312
25.2=27 3672 3730 5531 6388 7723 8030 8611 8668 9366 9519 10011 10208 12077 15145 16454 18483 18982 19959
25.23=15906 15909 18482
25.24=1291
25.25=3230 14189 18234 19515 21228
25.269=7075
25.2p=18497
25.3=644 898 1877 4132 4212 6701 7322 7904 8275 8759 15468 16937 16965 17809 20671 20768
25.35=6999 7001
25.36=19045
25.375=1074
25.4=1010 2047 3227 3540 4078 5654 7105 9352 11540 11569 11953 15814 16503 17241 18517 20499 20531 20807 20836 20918 20945
25.40=18482
25.46=3599
25.5=2555 2817 3282 3416 4612 6372 7717 8799 8932 9519 9552 10882 11407 12546 15194 17503 17508 17924 17926 18239 20927 21214
25.50=13298
25.52=4050
25.53=198
25.55=6373 6388 14579
25.56=21336
25.568=17856
25.57=9181
25.58=13703
25.6=327 610 1054 1524 1985 2015 2048 3853 6363 7102 7570 8708 8799 8999 9034 9839 10381 10447 10470 12767 16030 16295 17527 18021 18405 20634 20646 20757 21194
25.60=18689 18698 19193
25.63=15498
25.65=10268 10375 10406
25.7=38 1128 2192 2269 3214 3358 3371 6094 6513 6689 6863 7404 9229 10381 11862 12743 14892 15875 16118 18284 19142 20119 20304 20775
25.70=15910
25.71=15906
25.74=13004
25.75=1821 9127
25.76=3705
25.77=12527
25.78=12743 15910
25.780=62
25.7p=5264
25.8=3727 4078 4974 5293 5842 6259 7099 10225 10499 12479 15043 15489 16944 18460 19626 19760 19797 20217 21259
25.80=18482
25.84=2221
25.87=15832
25.875=3812
25.88=8964
25.9=169 2708 3516 4049 4307 6999 7191 8976 10680 11953 12991 16378 16533 19422 19475 20304 20822
25.93=11225
25.94=6999 7001 9127
25.95=20243
25.99=16681
25/30=13850
25/32=13995
25/4-5/5=12161
25/june=10519
25/may=12786 13179
250=47 107 252 264 268 344 358 375 479 595 602 678 769 928 1097 1105 1219 1303 1374 1417 1433 1444 1457 1466 1800 1881 1890 2119 2257 2407 3001 3022 3044 3077 3185 3202 3231 3293 3353 3411 3584 3607 3612 3703 3923 3926 3943 4041 4125 4205 4272 4299 4548 4649 4691 4997 5172 5233 5258 5398 5491 5628 5760 5799 5972 6019 6285 6463 6651 6928 7071 7175 7227 7255 7361 7559 7586 7731 7792 7937 8041 8055 8164 8272 8484 8884 8932 8937 8953 8954 8955 8961 9170 9261 9298 9299 9320 9323 9931 10450 10461 10760 10795 10812 10979 11137 11180 11492 11624 11715 11745 11781 11910 12075 12116 12126 12161 12245 12369 12392 12925 13009 13065 13082 13084 13225 13258 13525 13568 13757 13966 14324 14691 14760 14763 14837 14861 14875 14876 14919 14992 15098 15134 15325 15340 15792 15987 16053 16099 16114 16179 16704 16727 16937 16965 16983 17234 17312 17437 17490 17497 17591 17619 17849 17931 18112 18317 18339 18548 18561 18578 18593 18659 18849 18936 19090 19139 19218 19333 19367 19941 19947 20005 20022 20128 20550 20573 20635 20830 21472
250,000=210 297 634 1034 1048 1215 1257 1587 1770 1868 1903 2057 2360 2547 2763 2775 3027 4180 4365 4697 5258 5317 5543 5718 6146 6290 6301 6613 6698 6891 7065 7407 7693 7711 8257 8272 8740 9069 9205 9791 10497 10682 10760 11415 11734 12310 12487 12695 12743 13141 13218 13546 14434 15151 15176 15422 15600 16077 16692 16739 17054 17190 17732 18373 18434 18687 18726 18872 19176 19295 19468 19589 19688 20432 21270 21319
250,000-260,000=19844
250,000/350,000=12778
250,469=17607
250,646=12254
250,999=832
250-260=14171
250-350=492
250.0=15871
250.2=17965 18194
250.28=883 922
250.3=20602
250.4=11957
250.9=1965
2500=10012 14136
251=1060 1193 3994 7904 11232 17628
251,000=1067 7191 7450 16806
251,100=851
251,225=8297
251,300=9639
251,708=2557
251,955=15981
251.0=3980 8211
251.1=6771
251.2=16569
251.3=1198
251.33=6301
251.4=12715
251.49=10757
251.5=1856
251.7=15980
251.9=1965
2515=13623
2518=7164
252=1890 3747 4508 7570 9707 15864 21147
252,000=1235 4803
252,160=5566
252,223=3969
252-seat=308
252-unit=4321
252.1=20176
252.11=18514
252.2=10743
252.4=15875
252.7=3269 11414
252.9=4327
252.92=1343
252.95=1343
25273=13438
252p=304
253=2428 5765 7003 7570 10082 10239 13420
253,000=7830 20319
253,067=12254
253,498=8140
253,700=20311
253.0=3474 15909
253.2=18308
253.6=17965
253.87=19527
253.9=8702
254=7038 8035 8902 9607 12819 13414 14448 15864 16641
254,000=6680 6783 13053 14437 20438
254,285=10087
254,608=7947
254.2=16569
254.5=13014
254.6=10284
254.7=10544
254.9=19761
255=2651 14149 14612 15014 16332 18347 18434 19034
255,000=2120 6129 12520
255,000,000=4304
255,266,000=1184
255,556=14728 14730
255,568=9566 9611
255.56=9171
255.6=17965
255.8=7836
255.9=11243
256=367 3446 4332 4657 7577 8252 8551 11225 12496 17336 17912
256,000=1258 8435 12496 16806
256,100=15045
256,500=15045
256,600=9201
256-kb=21035
256.1=18798
256.2=530
256.3=3468
256.5=12426
256k=11225
257=4938 7871 15380 15389 15529 15724 19930 20887
257,000=6104 8056 17090
257,157=11036
257,252=1492
257,300=1861
257,844=12254
257,941=1114 1121
257.22=12394
257.4=16343
257.5=1011 13064 13803
257.66=4100
257.8=18887 20988
258=6748 7869 18527 19220 21458
258,000=3771 10165 18444
258,125=9312 9330 9390
258,278=16760
258,507=1640
258,591=153
258,712=10556
258,720=4000
258,800=17837 17864
258.1=12829
258.3=21308
258.34=9171
258.4=13803
258.653=13982 13987
258.7=1564 9576
2584=14444
259=3671 15524 16841
259,000=4972 15065 19607
259,186=5709
259,272=10680
259,400=15045
259,948=10921 10922
259.0=6299
259.1=20054
259.4=19038
259.7=15190
25p=971 13420 17402
25th=1938 5167 5273 10593 15982
26=4 16 49 61 86 104 122 135 150 187 223 285 356 387 393 405 543 559 594 619 703 724 795 798 838 1063 1094 1160 1176 1213 1231 1308 1312 1315 1339 1412 1459 1466 1524 1528 1571 1595 1668 1777 1878 2081 2132 2172 2213 2221 2316 2382 2456 2484 2533 2569 2584 2619 2731 2839 2944 2991 3005 3115 3225 3330 3401 3429 3502 3552 3670 3771 3783 3816 3894 3899 3900 3903 3904 3945 3967 3978 3993 3994 3995 4046 4059 4060 4124 4363 4643 4685 4754 4794 4849 4918 4956 4967 4983 5143 5190 5205 5208 5235 5262 5370 5380 5411 5426 5464 5473 5531 5537 5548 5586 5593 5640 5644 5689 5703 5704 5705 5722 5726 5730 5823 5906 5907 5911 5913 6102 6123 6178 6181 6187 6189 6216 6257 6263 6283 6338 6376 6379 6388 6389 6448 6476 6552 6592 6605 6629 6653 6658 6679 6681 6708 6785 6796 6832 6881 6893 6913 6962 6963 6992 6999 7001 7075 7156 7157 7173 7200 7253 7396 7400 7491 7566 7864 7995 8005 8048 8056 8073 8074 8127 8136 8139 8146 8148 8163 8307 8337 8416 8541 8577 8592 8597 8647 8662 8744 8784 8788 8880 8962 9040 9094 9141 9182 9212 9235 9266 9267 9273 9383 9449 9521 9522 9652 9662 9663 9719 9784 9806 9810 9901 10017 10036 10095 10102 10119 10243 10245 10291 10344 10423 10437 10556 10569 10704 10919 10947 10973 11016 11059 11061 11076 11078 11099 11175 11214 11217 11402 11433 11440 11449 11475 11569 11572 11689 11748 11768 11769 11770 12014 12146 12160 12286 12296 12379 12460 12492 12633 12670 12695 12704 12711 12794 12849 13211 13212 13417 13534 13564 13613 13627 13709 13878 14126 14702 14785 14793 14832 14859 15067 15126 15186 15188 15373 15425 15436 15675 15717 15795 15800 15823 15896 15899 16116 16119 16132 16174 16183 16221 16257 16267 16319 16332 16341 16342 16354 16400 16480 16549 16596 16674 16739 16801 16893 16906 17088 17096 17119 17143 17262 17331 17424 17460 17476 17566 17772 17830 17833 17873 17918 17957 17964 17965 17973 17987 18122 18150 18164 18180 18212 18302 18341 18410 18576 18845 18965 19019 19038 19221 19230 19247 19294 19299 19353 19385 19401 19405 19490 19508 19599 19612 19618 19668 19677 19683 19697 19713 19725 19758 19784 19801 19831 19880 19909 19956 20094 20237 20291 20335 20353 20372 20385 20421 20530 20567 20613 20671 20711 20723 20744 20758 20768 20803 21022 21101 21145 21176 21188 21225 21227 21232 21244 21254 21265 21283 21302 21360 21376 21393
26,000=1877 3115 3806 5345 8792 10328 10485 10852 11117 12161 16799 17348 18014 19267 20723
26,019.8=105
26,074=12787
26,100=15875
26,108=124
26,120=6758
26,158,000=5055
26,195=1015
26,200=16899
26,203=15875
26,221=10777
26,246=12224
26,248=4436 12224
26,300=7026 15045
26,314=7842
26,358=1544
26,361=16197
26,390=105
26,400=770
26,414=7075
26,415=15875
26,488,000=10826
26,500=12420 13162 15875 15917
26,541=5931
26,558=15875
26,600,000=21448
26,619,000=21055
26,620,000=14437
26,661,770=1575
26,700=11242 11885
26,708=13026
26,732=3207
26,770=15875
26,775=652
26,900=10328
26,945=4022
26,947=9525
26,953,000=20546
26,969,000=21055
26,992=12254
26-1/2=13878
26-1/4=2163 8784 18649 20524
26-1/8=4543
26-28=7607
26-3/4=4543 10546
26-3/8=16237
26-30=13465
26-31=13465
26-35=17332
26-march=10462
26-mln-dlr=2180
26-strong=12876
26-volume=15245
26-week=4639 7542 9675 10296 11948 12735 15143
26-year-old=9687
26.0=1191 2309 2724 3907 4313 6447 6467 7332 9270 10529 12843 14744 15065 15189 15325
26.01=15906 18482
26.02=15906
26.06=9836
26.1=2724 3541 6540 8020 8757 11047 15050 16136 17543 19017 19475 20826
26.11=4610
26.1288/1812=13324
26.1961/2485=13324
26.2=74 698 1523 3193 3789 4303 4669 4704 5107 6962 8892 9141 9212 10917 11028 11713 11898 14960 15065 15180 16367 16410 17393 21077 21211
26.21=15906
26.24=16716
26.25=547 657 1798 1847 8600 16237 19204
26.27=15906
26.3=100 235 1764 1854 5741 7607 8706 9235 10757 10992 11878 12166 13250 14971 15468 16207 17156 17831 17838 20252 20304 20533
26.35=8600
26.375=7963
26.3p=3480
26.4=483 783 1456 4419 4569 6022 6709 10233 11522 15397 18887 21053 21218
26.41=3615
26.42=9127
26.43=4270 10190 15906
26.45=15906
26.48/51=13379
26.49=7541 8063
26.49/51=13379
26.5=1017 1311 1472 4457 5776 6098 7272 7714 8925 9058 9303 12382 12658 14921 15419 15719 16698 20112 20252 21259
26.50=4572 15563 15767 18773
26.53=6406
26.55=16997
26.58=235
26.59=10309
26.6=2674 2961 2979 3420 4879 8364 12166 16360 18449 20206 20217
26.61=9496
26.625=5623
26.6p=3486
26.7=235 1191 4216 4254 4550 5544 5723 6765 8337 10801 15875 15940 16580 16775 21044 21490
26.702=1308
26.72=16716
26.73=3712
26.75=14189
26.79=19713
26.8=1168 2663 3227 7139 9235 11170 12115 12160 13237 17294 17988 18354 20453 20548 20634
26.9=3550 3615 3968 7427 10610 20255 20502 20910
26.91=4152
26.95=7102
26.96=6370
26.97=18487
26.9730/27.0270=13324
26.9p=9741
26/27=11746
26/64-inch=10521
260=239 880 1020 1798 1847 2269 4365 4562 4574 5929 6438 6660 7560 8595 8601 9244 10302 10737 12783 14212 14906 16175 18278 19291 19504 20854
260,000=2957 2973 3048 3458 4461 4697 4957 4983 5118 5655 7268 9144 9810 11813 12306 14805 16360 16997 17689 18526 19607 20064
260,468=21192
260,500=96 4918
260,702=4827
260,800=1752
260.0=1059 13803
260.2=2192
260.4=774
260.5=5158
260.7=12391
260.9=15871 16119 21112
260/230=14671
2600=13801
261=3517 5684 5692 8437 11752 14418 15257 15523 15858 16637 19050 20326
261,000=5034 18373
261,300=2252
261,560=579
261,600=12254
261,650=3336
261,791=10094
261.0=15871
261.5=18578
261.7=1178 1251
2614.7=13331
2616=13865
262=1485 9607 18347 18511 18938
262,000=10884 14646 16887 18653 19607 20803
262,242=17011
262,738=9652
262.1=9441
262.4=12383
262.52=5817
262.8=4475
262p=5213
263=2257 6464 9160 18324
263,000=9963 14145
263,009=9702
263,051=11885
263,600=3933
263,708=10597
263.15=1926 2354
263.2=15507 21095
263.3=19170 19171 19837 20538
264=890 6561 13861 15500 16072 16222 16637 17628
264,000=10444 10884 11700 11877 15065 19101
264,485=18068
264,539=4358
264,607=20712
264,650=12254
264,910=3785
264.0=2458 21386
264.2=65 7970
264.3=21283
264.32=13900
264.5=8838 15980
264.53=16118
264.7=6244
264.8=16888
264.82=6980 12765 14869
265=372 768 1607 1667 3438 4085 4318 4369 4477 4666 5542 5554 5818 5852 10246 10356 12305 12606 13861 15194 16053 18542
265,000=5095 7398 7516 17990 19145 19607 20746
265,301=1544
265,535,000=18096
265,600=313
265,651=16422
265,672=12704
265,925=14728 14730
265-seat=7560
265.0=16424 16481
265.3=11667
265.4=2666 13225
265.5=1965
265.5p=19510
265.6=12266 12277
2650=13536 13801
265p=15468
266=1590 9607 9880 11745 11770 17014 17108
266,000=7331 8318 10108
266,037=17661
266,241=16750
266,389=4436 12224
266,512=8818
266,653=17802
266,958=3999
266.1=15871
266.2=13890
266.6=9744
266.7=15871 20972
266p=16173
267=7879 10416 12479 13263 15683 20174 20538
267,000=6540 6999 19812
267,807=5191
267-klm=12369
267-km=12392
267.1=14622
267.2=1965
267.4=20302
267.6=4291
267.7=10043
267.9=8702 21218
268=4089 5765 7577 8902 10546 12195 14748
268,000=6500 9142 10974 11549
268,038=5191
268,760=16645
268,797=9970
268,831=822
268-1/4n=14555
268.0=2806 11600
268.3=20249 20463
268.368=16162
268.8=9896 15640 15871
268.9=12104 18284
269=15315 20174 20392
269,000=391 6175 6271 10891 12115 19585 20384
269,190=14275
269,745=14910
269.1=7880 8738 15354
269.3=20448
269.4=2658 10649
269.5=5339 20368
269.6=11171
269.7=17914
269.8=20988
269.98=14681
26p=6967 13993 16145
26th=4050
27=1 24 45 49 66 89 160 460 464 470 546 547 550 585 592 610 613 634 639 642 644 696 730 733 817 926 942 1026 1075 1135 1138 1181 1308 1316 1317 1343 1345 1376 1401 1409 1513 1543 1567 1664 1674 1716 1798 1847 1856 1861 1873 1878 1918 1949 1967 2047 2091 2204 2221 2224 2227 2238 2346 2400 2500 2549 2602 2609 2642 2653 2787 2820 2834 2908 2971 2986 3012 3017 3022 3023 3028 3044 3104 3158 3258 3329 3360 3488 3502 3510 3615 3659 3670 3681 3744 3757 3764 3778 3829 3839 3857 3907 4016 4019 4060 4067 4070 4072 4132 4166 4175 4212 4218 4221 4235 4253 4301 4428 4454 4456 4562 4572 4573 4574 4585 4608 4756 4909 4920 4970 5022 5108 5168 5192 5327 5340 5427 5436 5494 5495 5522 5532 5570 5598 5663 5673 5723 5787 5796 5985 5994 6033 6035 6088 6111 6113 6120 6134 6156 6182 6216 6224 6237 6280 6329 6358 6454 6455 6496 6518 6540 6573 6609 6785 6799 6883 6917 7017 7041 7066 7068 7088 7096 7118 7180 7232 7245 7268 7370 7383 7451 7530 7551 7661 7789 7867 7925 7942 7956 8009 8010 8043 8094 8127 8136 8320 8357 8510 8548 8691 8714 8729 8763 8781 8852 8935 8944 8950 8951 9047 9063 9087 9299 9314 9321 9371 9388 9479 9490 9540 9558 9612 9625 9762 9820 9844 9846 9858 9886 10115 10284 10335 10408 10573 10611 10743 10908 10911 10912 10919 10926 10931 10947 11009 11022 11031 11059 11078 11085 11132 11143 11151 11262 11294 11392 11402 11433 11440 11491 11543 11566 11600 11656 11665 11744 11748 11811 11877 11892 12001 12049 12054 12055 12196 12209 12255 12332 12353 12445 12446 12451 12482 12561 12610 12629 12680 12715 12737 12849 12876 12920 12955 12967 13039 13115 13131 13142 13188 13234 13472 13552 13688 13697 13711 13895 13907 14070 14153 14166 14189 14208 14230 14664 14816 14829 14832 14846 14865 15040 15042 15043 15154 15156 15228 15238 15258 15283 15345 15417 15476 15596 15622 15661 15669 15679 15701 15736 15760 15786 15808 15899 15905 16022 16044 16167 16170 16174 16236 16252 16257 16264 16267 16284 16290 16309 16354 16363 16381 16477 16515 16518 16558 16631 16633 16679 16703 16708 16732 16741 16773 16775 16781 16788 16794 16830 16856 16890 16937 16965 17051 17052 17070 17071 17129 17150 17173 17183 17327 17380 17393 17402 17411 17545 17655 17795 17862 17871 17942 18028 18247 18277 18294 18600 18687 18875 19038 19107 19120 19127 19139 19181 19247 19353 19453 19475 19604 19657 19701 19723 19751 20034 20109 20212 20270 20513 20534 20549 20596 20648 20652 20700 20704 20742 20747 20751 20775 20779 20794 20810 20813 20898 20904 20973 21032 21042 21147 21166 21215 21262 21361 21405
27,000=3467 9912 10884 11685 12849 12872 13179 15531 15726 17378 17532 18544
27,000-tonne=4076
27,041=3211
27,088=12787
27,100=14694
27,179,000=10826
27,220=4686
27,237=20270
27,300=10174
27,301=1177
27,371=13900
27,381=7075
27,431=15668
27,490=6211
27,490,000=10564
27,500=11885 19019 19286
27,510=228
27,526=1599
27,608,000=818
27,622=15482
27,662=855
27,715=4436
27,840=652
27,900=4436 12224
27,900.0=15871
27-1/2=2771 3651 7286 20773 21011
27-1/4=14279 14609
27-28=16938
27-29=7551 8124
27-7/8=3261 18923
27-day=1921 1973
27-july=310
27-member=9806
27-month=17871
27-year=15293
27.0=1200 7160 7449 9250 10292 10882 11481 12379 13803 16289 16367 20368 20442
27.00=12610
27.01=5811
27.02=10309
27.03=9496
27.04=12435
27.05p=7085
27.06=17887
27.08=15906
27.1=2357 2602 3557 3742 7113 7200 9963 11481 12044 12405 12893 13890 14960 15100 15180 15351 15641 20353 20380 20564 20644 21095 21259
27.11=18514
27.14=18352
27.15=14649 16324
27.16=16324
27.17=19049
27.18=9728 9734
27.2=1013 2300 5186 5294 5926 6316 8049 8155 10672 14910 16533 16580 19510 20140 20176 20470 20938
27.22=10674 20243
27.25=6356
27.3=235 887 921 938 3557 5573 6115 8644 9237 10045 10897 10946 11859 15056 15104 16589 16604 17374 19422 20226 20558
27.32=9496
27.39=2160 6370
27.4=2028 2887 6022 6318 6363 7105 9174 11089 11170 11978 15797 16030 20217 20226
27.41=7408 8759
27.42=6356
27.47p=4094
27.48=20412
27.5=572 1729 1739 3506 3894 5083 5493 6709 7097 7150 8353 8743 8765 8835 9086 9231 9436 10318 15878 16207 16520 16995 17170 17199 17965 18614 20217 20453 21081
27.50=4244 14189 17491
27.51=17516 17901
27.52=198
27.54=9707
27.58=284
27.5p=899 17922
27.6=1347 2048 2335 2661 2674 2929 5592 6115 6395 7797 7904 10757 10882 10956 12479 12862 15719 15871 16635 17250 18591 21385 21416
27.60=9189 20412
27.61=7717
27.62=3334 15870 15874 15914
27.648=1118
27.7=822 1112 2436 3173 4083 4152 4290 7264 10287 10756 12014 13216 20226
27.75=4912 15531
27.76=1924
27.77=15874
27.7p=14860
27.8=270 350 2047 2092 3534 3971 4500 5233 6863 7113 7551 8092 8318 9158 12784 12800 12835 13239 17037 17067 17375 20181 21248 21437
27.83=4196
27.84=6966 7708
27.85=17516
27.87=15276
27.89p=8155
27.9=304 399 1314 1650 2558 2708 3900 4049 5437 6485 7062 7108 19915 20255 20768 20945 21385
27.91=4111
27.92=18487
27.98=9181
270=221 1574 1582 2428 2500 3792 3962 4223 4301 6251 7493 7945 8060 9076 10318 11213 11233 14863 15853 15875 16074 17435 17571 19871
270,000=303 800 1080 3287 3458 5214 5444 7449 8117 10705 11452 18373 19145
270,032=15668
270,212=11230
270,400=5218
270,748=13687
270.0=20247
270.1=13712
270.4=4732
270.8=7288
270/250=14671
271=880 4324 9924 18038 19597 19605
271,000=3870 8521 9726 10032 13656 18326
271,512,000=20129
271,538=5925
271-282=14578
271-288=15560 15610
271.0=20286
271.2=14752
271.48=11053
271.6=8972
271.7=18798
2718=14453
272=1412 8314 9153
272,000=20913
272,700=13162
272-295=13827 14084
272.0=8979
272.1=3569 16608
272.2=15053
272.5=2658
272.7=2806
272.8=4732
272.9=14092
273=8000 8437 11132 13080 18061
273,000=4012 4019 5034
273,100=13189
273,300=5218
273,616=19594
273,737=16807
273,749=822
273,844=18640
273-1/4n=14555
273.0=11896
273.4=20247
273.5=20354
273.6=21360
273.8=3480 20822
273.9=6738 7096
273p=16136
274=7428 14314 15500 15875 16548 20174
274,000=2568 4083 16265 19131
274,036=4879
274,200=2456
274,531=5191
274,665=1640
274,800=4948
274,951=12079
274-294=12880 12919 13827
274.01=11368
274.17=1924
274.28=13900
274.3=9316 12262
274.4=5339 15875
274.5=1997 19553
274.7=11957
274.8=2653 15380
274.82=11053
274.9=5901 20392
2742=13623
275=635 933 2326 2542 2705 2828 2971 3028 3329 3500 3792 4774 6550 8932 10056 11233 12746 13586 14119 14852 15659 16660 17506 18061 19948
275,000=3922 6139 9846 10415 16115 16980 17319 17390 17512 17990 18653 19145 20351 21322
275,400=6672
275-290=16274
275-295=12880
275.1=13803
275.4=17014
275.52=8314
275.53=4811
275.61=19418
275.7=15192
275p=8225 19510
276=971 2428 5235 7066 9825 11929 13978 14192 14241 14243 14269 14306 17135
276,000=7115 7739 15477 17512 21488
276,0000=16420
276,238=16807
276,240=5993
276,446=14985
276.1=8350
276.10=13588
276.37=16908
276.4=8032 8039 20168
276.5=1179
276.6=20600
276.7=2071 5071
276.8=9316
276.9=8969
277=356 1890 2269 4403 5274 14011 14014 14046 14078 14121 14159 14347 14368 14392 19530
277,000=18653
277,127=18950
277,500=800
277,536=5984
277,627=12381
277,700=13179
277,834=201
277,852=3667
277.0=1459
277.02=4811
277.1=15380
277.2=16052 19761
277.5=15216 20249 20463
277.50=13653
277.6=15712
277.72=9856
277.93=7980
277.94=13159
27717=14460
277p=11201
278=2089 5589 7038 7879 13588 14343 19877
278,000=10089 10459 11078 14145 17753 17990 18653
278,156=14540
278,709=4884
278,780=4219
278,949=4000
278,965=19599
278.1=1205 3585
278.12=19418
278.2=20168
278.3=13803
278.6=15053
278.67=16908
278.88=2872
278.9=2433
278p=15468
279=372 1168 4477 12195 17721 19090 19531
279,000=1285 5758 8391 12715 20274
279,181=832
279,718=5354
279,726=4258
279.085=5060
279.6=15507
279.7=2693 20904
279.8=4105
27p=3217
27th=19976
28=1 12 23 47 225 264 305 344 454 517 568 638 748 808 825 828 845 866 1011 1021 1027 1032 1070 1110 1111 1122 1179 1265 1275 1315 1322 1325 1339 1481 1494 1540 1564 1571 1581 1587 1618 1629 1637 1641 1673 1689 1702 1734 1737 1759 1768 1935 1993 1997 2017 2021 2023 2047 2050 2062 2063 2071 2075 2083 2085 2104 2111 2127 2142 2144 2192 2208 2221 2254 2279 2312 2335 2428 2433 2437 2443 2458 2479 2556 2567 2641 2645 2661 2695 2710 2791 2879 2963 3023 3086 3118 3222 3243 3320 3340 3381 3421 3486 3721 3792 3797 3845 3860 3890 3903 3952 4016 4093 4141 4157 4169 4192 4223 4257 4267 4355 4452 4458 4517 4541 4583 4630 4683 4772 4826 4857 4878 4893 4943 4953 4964 5070 5117 5142 5179 5235 5256 5270 5307 5334 5355 5390 5413 5429 5431 5461 5463 5464 5482 5527 5573 5647 5672 5706 5744 5887 5934 5942 6008 6082 6107 6115 6141 6172 6182 6196 6198 6220 6227 6248 6254 6283 6297 6324 6341 6374 6379 6395 6447 6461 6465 6485 6491 6522 6592 6657 6739 6752 6757 6765 6999 7001 7017 7070 7078 7115 7139 7155 7174 7244 7245 7261 7263 7284 7297 7342 7348 7358 7361 7424 7438 7505 7577 7634 7636 7708 7735 7778 7794 7821 7893 7902 7927 7941 7947 7970 7994 8065 8103 8138 8162 8184 8203 8276 8338 8416 8496 8528 8541 8547 8567 8581 8622 8648 8654 8659 8712 8771 8854 8860 8866 8877 8943 8944 9022 9102 9109 9111 9231 9236 9320 9364 9373 9394 9402 9405 9406 9562 9566 9625 9673 9736 9766 9818 10017 10023 10027 10040 10094 10099 10140 10148 10164 10253 10284 10292 10344 10393 10398 10434 10435 10440 10499 10534 10552 10561 10822 10959 10967 11030 11031 11080 11091 11111 11121 11218 11283 11325 11340 11358 11507 11510 11532 11536 11617 11643 11666 11673 11696 11763 11817 11823 11848 11872 11888 11896 11932 11943 11957 11987 12014 12083 12086 12160 12202 12220 12221 12240 12296 12344 12391 12442 12449 12451 12476 12494 12570 12619 12631 12645 12924 12967 13006 13062 13070 13115 13122 13135 13161 13169 13176 13231 13256 13263 13266 13322 13380 13382 13416 13496 13530 13735 13790 13854 13909 14586 14597 14626 14752 14933 14937 14962 14998 15000 15012 15014 15024 15028 15094 15136 15175 15193 15230 15331 15347 15485 15531 15534 15635 15639 15726 15875 15878 15881 15888 15893 15908 15960 15961 15985 15987 16016 16022 16035 16102 16115 16132 16140 16141 16174 16183 16216 16257 16297 16316 16337 16339 16346 16347 16354 16360 16369 16371 16410 16422 16441 16443 16458 16480 16551 16561 16602 16615 16625 16672 16719 16788 16807 16828 17048 17051 17071 17076 17077 17099 17113 17144 17145 17151 17163 17325 17392 17409 17471 17614 17640 17652 17682 17684 17715 17777 17817 17820 17837 17864 17896 18138 18241 18440 18551 18613 18615 18689 18708 18852 18870 18969 19094 19099 19108 19110 19334 19353 19360 19368 19565 19688 19809 19816 19879 19953 20085 20105 20135 20199 20228 20337 20385 20400 20446 20450 20471 20475 20530 20535 20613 20709 20814 20894 20927 20928 20947 20964 21019 21045 21092 21188 21205 21214 21234 21238 21247 21273 21318 21403
28,000=311 2172 2768 5825 5894 9975 11539 11885 12399 14068 14732 16346 18828
28,000/29,000=17731
28,045=5741
28,046=13061
28,054=6200
28,065=17731
28,110,000=20791
28,188=7842
28,339,000=15326
28,384,000=1367
28,439=5215
28,476=13111
28,500=311
28,519=1671
28,526=311
28,536=10680
28,565=2761
28,569,000=7359
28,600=4724 13772
28,670=10398
28,698=13001
28,700=313
28,751=15704
28,763=15045
28,836,000=13714
28,866=6243
28,871=6456
28,898,000=8481
28,950,000=3867
28,976,000=21480
28,977=1655
28-1/2=6629 15639 16713 17554 19339
28-1/4=9487
28-1/8=4772
28-29=10554
28-3/4=2494 14609
28-3/8=9947 16352
28-30=17254 17289
28-day=8145 8677 13404 14849 16381 16942 17899
28-day-cycle=4917
28-dlr-=8438
28-dlr-per-share=3261
28-week=9860
28.0=1096 2050 3040 5493 6271 6288 7128 9818 11080 15863
28.00=1174 9806 10908
28.02=2993 6914
28.03=883
28.0p=17901
28.1=846 3632 7062 7128 9372 9634 12922 13216 17777 18953 19142 20135 21218
28.117=20978
28.2=822 3282 5437 5669 6999 7797 8225 9961 11879 13266 13730 15387 16773 19507 19533 20671 20938 21194
28.20=15910
28.22=15874
28.3=73 172 1854 5464 5576 6234 8155 8390 9961 12290 16141 17527 20471
28.30=198
28.31=15874
28.33=10754 20299 20538
28.35=17877
28.37=7923
28.39=15832 18563 19515
28.398=20978
28.3p=17922
28.4=1063 1123 1650 3540 4205 5348 6591 11109 12296 12383 20119 20225
28.49=18858 18902
28.5=483 783 1066 3188 5089 6427 6485 6787 8026 8056 8999 9032 10165 10790 12049 12077 12968 13256 15660 16502 16655 17655 18324 19050 19324 19611 19713 19799
28.50=12492 17877
28.507=62
28.51=18352
28.57=13280
28.58=6935
28.59=5817 9189
28.5p=3486 11855
28.6=610 2075 2478 3615 6005 6121 6485 8633 8999 9032 10119 10518 12250 15871 16294 16312 17527 19017 20523 21248
28.60=16434 16545
28.625=4937
28.68=17237
28.689=2224
28.7=774 1070 7495 8155 8337 8614 9914 10431 10440 11630 12444 13263 15543
28.75=6852
28.75p=11850
28.8=875 1903 4132 5911 6048 7083 10235 15205 17834 19865 20529 21479
28.80=3220 8125
28.85=3210 13146
28.9=6094 6274 8026 8489 9112 9836 10130 10721 11649 11896 13001 13142 16063 19017 19142 19667 20187 20300
28.95=12872
28/32=14599
280=1721 2057 3792 4877 5780 6112 6913 7562 7879 8717 9648 9649 12277 13328 13553 13978 14011 14014 14046 14192 14241 14243 14462 15279 15500 17060
280,000=1279 4106 6880 8117 8960 9163 10705 11339 13738 16093 16255 17090 17199 18389 19527 19844 20298 21500
280,500,000=4304
280,505=10185
280,600=10890
280-mln-dlr=11599
280.0=21106 21441
280.1=18627
280.22=13159
280.3=15871
280.36=940
280.4=13112
280.56=7980
280.7=21416
2800=21153
281=9139 9637 11137 14078 14121 14159 14269 14306 14368 14392 15263
281,000=6523 9678 15152 17541
281,367=8394
281,818=12624
281.1=4370
281.23=2872
281.546=5060
281.65=9171
281.8=16283
281.9=21300
281p=3463
282=614 2695 7879 9160 9182 13135 14347 14639 14825 14905
282,000=2708 6117 6126 9378 9449 9961 21433
282,156=8818
282,305=1355
282,358=13216 13220
282,998=11758
282.11=10757
282.4=2273
282.6=7467
282.7=12231
282.8=2300
283=7075 7531 14937 20039
283,000=1803 4974 4989 17390 18294
283,043=18832
283,800=11208
283.0=16424 16481
283.1=4590
283.3=20304 20320
283p=3463
284=10549 13112 13739 13978 14011 14014 14159 14192 14368 14392
284,000=1067 5744 10855 13656 16980 18459
284,636=15679
284,809=4361 4385
284,945=10008
284.0=11715
284.2=20973
284.4=4794
284.5=13803
284.6=3077 17903
284.7=8829 17062 21416
284.8=19198
285=288 3572 4223 5610 7223 7318 10321 14046 14078 14121 14241 14243 14269 14306 14347 15194 16175 17585 18786 19824 19834 20174
285,000=236 246 1990 2383 3057 4123 4420 6309 7092 10973 11690 12191 17115 17199 17319 17390 17512
285,000,000=4205
285.3=2666 15996
285.6=15190 15325 20168
285.7=3193
285.9=18152
286=746 5163 5216 5229 5265 9160 10436 11220 14838 14975 16399 21217
286,000=5738 7647 9810 12166 17990
286,300=313
286,440=5218
286,500=1667 12610
286,771=1618 1637
286,817=11308
286,870=138
286,969=2561 2800
286-based=17336
286.0=20651
286.3=7970 17914
286.4=594
286.5=15909
286.53=15906
286.6=6047
286.7=9973 9981 17546
286.9=20455
2867=15584
286p=3463
286r=3033
287=937 4010 4179 5104 5765 12435 16205 17207
287,000=1946 2557 2618 15532 17090
287,131=16807
287,391=4162
287,600=9201
287,606=9270
287,700=3873 3934 15999
287,940=5218
287.3=15506
287.4=11932
287.42=15906
287.5=557
287.8=3994
288=1860 6888
288,000=8020
288,406=11230
288,652=2540
288,800=20965
288-1/4=14555
288-292=14578
288.2=11181
288.6=15506 20302
288.8=7836 9032 21106
288.9=20168
28815=14460
289=3450 12216
289,000=7048 19230
289,232=8683
289,400=10175
289,433=1293
289,572=2519
289,649=5906 6102
289,700=11412
289,764=3637
289-360=15560 15610
289.1=20600 20904
289.3=16641
289.47=15906
289.6=15506 16635
28p=13576
28th=4425
29=59 66 160 167 254 288 340 372 448 483 715 768 774 783 840 937 1315 1339 1452 1472 1498 1624 1695 1837 1918 1919 2099 2133 2357 2385 2397 2428 2437 2482 2502 2783 2793 3008 3243 3344 3371 3619 3857 3874 3921 3922 4142 4176 4346 4369 4414 4440 4476 4581 4674 4764 4792 4916 5040 5042 5076 5208 5298 5366 5440 5548 5726 5769 5884 5985 6065 6073 6074 6156 6217 6312 6335 6408 6539 6641 6660 6694 6785 6814 6846 6849 7072 7078 7217 7348 7378 7588 7644 7676 7705 7757 7768 7796 7797 7871 8026 8054 8094 8136 8203 8227 8618 8653 8707 8712 8740 8784 8846 8855 8944 9064 9072 9112 9178 9182 9209 9260 9303 9373 9399 9518 9556 9572 9677 9806 9860 9875 9906 9959 10044 10092 10097 10110 10222 10265 10271 10352 10355 10379 10455 10482 10498 10538 10597 10719 10763 10822 10851 11044 11060 11071 11090 11175 11176 11234 11237 11245 11262 11340 11375 11397 11410 11428 11448 11451 11516 11663 11806 11824 11884 11930 11943 11976 12042 12064 12090 12179 12240 12242 12472 12485 12499 12550 12596 12598 12631 12683 12692 12868 12947 12977 13179 13223 13259 13260 13283 13323 13413 13637 13735 13738 14751 14859 14865 14990 15006 15071 15085 15110 15193 15218 15567 15585 15731 15875 15878 16064 16159 16175 16198 16287 16342 16365 16413 16458 16480 16495 16654 16668 16672 16789 16798 16884 16890 16927 17036 17051 17057 17071 17075 17119 17207 17325 17502 17507 17551 17611 17678 17777 17784 17826 17843 17961 17964 17965 17967 18029 18138 18146 18155 18194 18224 18378 18405 18435 18512 18575 18600 18610 18760 18787 18793 18846 18875 18893 18962 18965 18985 19007 19019 19091 19108 19150 19151 19422 19454 19627 19648 19683 19688 19727 19760 19783 19787 19803 19880 19886 20050 20226 20326 20475 20482 20498 20499 20614 20777 20783 20793 20844 21080 21178 21215 21254 21340 21451
29,000=5749 6552 6679 7072 8860
29,00000=1137
29,020=11360 11366
29,043=11043
29,046,000=21480
29,100,000=16216
29,140.7=15871
29,312=3634
29,347=1970
29,372=2765
29,532=2380
29,600=816
29,665=652
29,712=8654
29,721=18517
29,735,000=11727
29,800=803
29,812=6147 6240
29,824=10131
29,836=19067
29,862=18062
29,900=12644
29,955,000=15909
29,964=13900
29,996,000=15327
29-1/2=2787 7293 9588
29-1/4=13489
29-1/8=4943
29-3/8=45
29-30=17227 17288
29-34=13465
29-7/8=7293
29-day=9167 9219
29-july=19392
29-may=17083
29-year=7227
29.0=6129 6485 7008 11896 11898 16569 21259
29.00=15910
29.04=17896
29.1=649 686 2483 2658 2659 3527 5554 5677 6234 6848 7191 8614 9685 10225 12033 12262 12382 12658 16030 16216 17189 19787 20278 20324 20443 20671 20883
29.15=6935
29.16=18551 18563
29.2=861 1132 2457 5991 6181 6529 6620 8611 10673 15233 19554 20605
29.20=4186
29.205=3600
29.25=13263 15160
29.289=62
29.3=802 1544 1618 1637 1854 5723 6335 6620 7061 7439 8995 9759 10529 15043 15065 15233 16861 19017 21014
29.4=448 670 2653 2929 4510 4806 8275 8999 9032 9127 12198 15190 15513 15773 15871 16798 19865 19881 20225 20299
29.4-mln-dlr=19735
29.41=11225 17333
29.46=15910
29.5=596 1096 2303 3909 5212 5316 8595 8611 8866 10210 11414 11632 12922 13216 15264 16299 16386 16760 16817 21262
29.50=7043 19876
29.6=140 1314 4074 5922 6765 9741 12127 15871 16262 21037
29.60=15910
29.625=1729
29.66=18551
29.7=1132 1816 2932 5257 11365 16910 17469 18475 20170
29.71=82
29.75=18938
29.8=1722 1846 3550 3792 4021 8447 8611 8939 9034 9537 9869 10694 11490 15769 15814 15967 18120 19084 19085
29.81=17933
29.9=1019 1569 1582 5493 5941 6890 7934 9414 9521 9555 12160 12759 13146 15043 16625 17248 17306 20370 20489 21315
29.90=11220
29.93=8126 18563
29.96=15276
290=330 2089 3981 4291 4315 7214 7219 7255 8539 10737 10835 12755 15500 15864 15913 17433 17449 17511 17884 19540 20475
290,000=254 2353 2386 4056 4206 5334 5928 6747 7398 7516 8439 10494 12166 13053 13768 21209
290.1=8969
290.2=1564
290.3=12231 20685 20949
290.5=11749 20225
290.55p=4659
290.7=20386
290.8=20648
290.9=65
290/280=14671
2900=14136
2901=19518
290p=18438
291=13019
291,000=8388 17118 19357 20196 21433
291,027=4419
291,400=10950
291-360=16274
291.1=864
291.2=3462
291.3=15473
291.4=20972
291.5=16454 20332
291.7=8738
291.8=13 56
291p=18511
292=6110 7588 9139
292,000=202 313 2572 3057 10089 13194 15532 20673
292,014=11308
292,387=8875 8900
292,808=8683
292,900=15276
292-293=14578
292.20=20986
292.3=4744
292.8=20999
293=5944 6596 6637 7577 8633 13758
293,000=1258 3574 3646 4747 5333 8229 16980 17489
293,101=11722
293,859=13614
293.1=17914
293.3=9744
293.4=806 4291 11145
293.5=10603
293.7=4016
2935=14457
294=629 4682 4938 7879 9728 9734 10512 14467 14825 14905 17903 18490
294,000=1602 5128 10974 10983 12715 13768 15511 16255
294,200,000=20180
294,500=12995
294,650=14393
294,859=5993
294.0=1351 1428 20392
294.3=4085
294.4=20529
294.7-r=11932
295=2231 3792 5684 5692 13128 15604 21020 21101 21174
295,000=169 303 2797 3595 3992 5333 7101 7660 8241 10415 10884 15532 16806
295,800=16026
295-344=12880 12919 13827
295.1=20220
295.3=557 3593 10520
295.4=864 11987
295.49=15906
295.5=2426
295.8=21272
295.9=20191
29575=13634
296=9760 15072 17108 17964 20999
296,000=1643 17131
296,272=6642
296,298=1544
296,300=10175
296,994=2929
296-1/4=14555
296-341=13827 14084
296-360=12880
296.00=14699
296.4=18348
296.6=2055 20386
296.7=167 6351 21490
297=364 1380 7012 7531 14183 14453 20241 20706
297,000=1638 5928 7465 8810 13738 21135
297,266=16802
297,813=7762
297.05=16198
297.2=2718
297.50=8024
297.7=3984
297.9=15506 21352 21414
297p=16941
298=2168 7222 7423 8437 9760 10045 10460 18597
298,000=1375 1527
298,200=16427
298,412=4307
298.0=167
298.17=8024
298.2=6787
298.5=13
299=447 2428 3988 4232 7809 13495 16175 18748 18753
299,000=1137 2309 5595 5654 5725 9937 11754 16454 19499
299,523=19351
299,838=6323 14954
299,869=19966
299,930=3676 4239 4292
299.0=13803
299.2=11
299.3=4370
299.5=2300 2718
299.50=13536
29p=8668
29th=19001
2cv=5172
2mb=12496
2nd=1314 1633 1642 5015 5543 6309 6672 7634 8027 8893 9818 11106 12042 14970 15130 16807 17791 18828 18875 20274 20299 20767 20803 21388 21460
2p=3129 8655 11232 13414 13420 13576 13993
3=163 225 250 299 563 763 798 923 1354 1502 1667 1807 1835 1967 2224 2268 2381 2385 2400 2534 2540 2961 2963 2991 3278 3298 3381 3382 3606 3607 3745 3903 4058 4081 4368 4567 4585 4730 5053 5057 5139 5232 5277 5516 5604 5832 6014 6352 6415 6528 6633 6761 6875 6985 7054 7085 7146 7189 7358 7413 7518 7694 7707 7959 8004 8009 8108 8205 8422 8561 8682 8752 8791 8927 9088 9154 9539 9578 9679 9685 9859 10163 10280 10282 10354 10387 10618 10758 10949 11253 11343 11522 11625 11703 11936 12081 12522 12554 12579 12621 12741 12783 12794 12894 12967 13177 13326 13499 13548 13623 13682 13697 13801 13814 13843 13850 13929 14018 14115 14206 14360 14362 14418 14437 14444 14448 14453 14457 14460 14464 14467 14474 14477 14520 14573 14578 14671 14673 14791 14869 15048 15276 15375 15413 15452 15675 16177 16226 16249 16437 16951 17039 17095 17258 17670 18084 18222 18451 18780 18966 18968 18977 19002 19003 19065 19127 19355 19415 19439 19478 19512 19561 19593 19618 19760 19897 20174 20341 20379 20672 20701 20842 21235
3+=13765
3,000=293 311 446 878 990 1443 1662 3450 3464 3515 3525 3901 4022 4182 4201 4517 4769 4888 4917 5150 5244 6194 6546 6586 6613 7486 7516 8004 8015 8068 8729 8763 8876 9140 9391 9683 9882 10247 10253 10803 11801 12319 13185 13584 13684 14146 14372 15421 15556 15678 15809 15985 16113 16220 16242 16423 16433 17330 17499 17754 17813 18173 18222 18326 18391 18507 18778 18839 18900 19032 19065 20511 21293
3,000,000=1384 5716 8965 11677 20647 21436
3,000,716=7261
3,000/13=15728
3,000/2,000=12161
3,001,000=4972 5969
3,001,222=15521
3,002=12254
3,002,000=1191
3,002,500=2056
3,003=11187
3,005,000=7495 9066 15985 18285
3,006=2590
3,006,000=21194
3,006,250=18120
3,006,372=4729
3,006,704=18120
3,007,000=1689
3,007,048=18120
3,007,383=21181
3,0077,000=490
3,008=14882
3,009,000=8291 8559
3,011=3234 10680
3,011,000=21194
3,012,000=9475 9930
3,012,917=3582
3,014,000=7953 20974
3,014,400=2000
3,016,000=5545
3,017,000=9049
3,020,000=202
3,023,000=619
3,024,423=8340
3,025=12814
3,025,000=18602
3,027,000=6485
3,027,500=10917
3,027,714=3637
3,027,892=9312
3,028,326=6672
3,029,000=3806
3,029,930=573 728
3,030,000=18243 18309
3,030,548=5078
3,031,091=12079
3,031,494=2337
3,033=8939
3,033,000=20473
3,034,000=17795
3,034,010=7843
3,035,000=37 5682 20654
3,036,000=6787
3,037,000=3631
3,038,000=11128
3,038,361=11416
3,039,000=15189
3,040=6396
3,040,000=20973
3,040,600=18223
3,041,000=20421
3,041,407=18953
3,042,900=12063
3,043,000=18875
3,045,000=14983
3,049,564=2887
3,050,000=1320 1327 18829
3,052,000=4732
3,053,000=2827 8767 20365
3,054=14797
3,054,457=11416
3,056,000=2826 7676
3,056,787=20374
3,057,206=11338
3,058=15953
3,059,000=20278
3,060,000=14983
3,060,407=9652
3,061.7=15871
3,061.8=1932
3,062,000=619 3958
3,062.8=15871
3,063,000=20529
3,063.4=7099
3,065,000=6738 15202 20735
3,066,407=8394
3,066.6=1932
3,067,000=20639
3,070,327=2834
3,071,000=1554
3,071,456=1446
3,074.4=13162
3,075,000=3608
3,079,000=2866
3,079,516=2887
3,079,533=2887
3,080,000=1450 21254
3,081,000=20888 21028
3,081.0=14890
3,082,499=10879
3,086,386=10027
3,089=13108
3,089,000=20443
3,089,140=2887
3,091,000=20494
3,093,000=7676 11566
3,093,491=6323
3,094,000=6787
3,095,000=8448
3,095,305=11588
3,096,000=6017 8001
3,096,095=2887
3,098=3901
3,098,000=6771
3,100=8015 11624 11911 12655 14694 14864 19549
3,100,000=466 7841 10478 11641 13229 17732
3,100,100=19609
3,101,000=1643 5095
3,103,000=1111
3,106,000=1543 18832
3,108,000=2839 5475
3,110,000=20105 20228
3,111=12813
3,111,000=21047
3,111,317=1610
3,111,464=1366
3,112,571=14093
3,113,074=6908
3,113,337=2887
3,115,499=18602
3,119,000=2275
3,121,000=10534 18699
3,122,000=5342
3,122,983=19308
3,123,411=16802
3,123,900=10174
3,125,000=5295
3,125,532=20480
3,125,935=9678
3,127,162=8407
3,129,000=698
3,129.2=13803
3,130.1=13803
3,131,000=16668 18285
3,132,000=17096
3,132,555=3582
3,133,000=20794
3,133,446=592
3,134,000=21189
3,136,000=21194
3,137,695=4451
3,138,000=6458 6670
3,140,000=1872 14397
3,141,000=15006
3,141,217=169
3,141.3=15890
3,142,000=17558
3,143,000=530 12860 13064
3,144,000=5565
3,145,000=15002
3,148,000=1184 9682 21194
3,148,420=13092 13114
3,149,000=3755 20583 20672
3,149.7=15871 15890
3,150,000=3713 15065 21237
3,150,185=399
3,154=13434
3,154,665=15851
3,154,673=5051
3,156,569=8488
3,156.2=15374
3,157,070=3697
3,157.6=15871
3,158,000=4974
3,160,000=7739 21032
3,161,603=6495
3,163,000=16719
3,163.7=1932
3,164,000=5967
3,165,000=15985 20545
3,166,000=7074 16460
3,167,735=3695
3,168.9-x=15890
3,169,000=3738
3,171,900=6078
3,172,537=1446
3,173,000=15062
3,175=10008
3,175,157=15679
3,175,402=6809
3,177,000=20234
3,178,115=201
3,181,805=7048
3,182,000=4788
3,184,480=3680
3,187,051=18602
3,188,000=20499
3,188,555=19790
3,192,700=16378
3,193,000=15559
3,195,000=5105
3,195,710=2834
3,196=2094
3,197,000=983
3,199,000=20658
3,200=6144 9899 11195 11244 13674 17109
3,200,000=1751 3543 8753 9332 10114 11878 11962 12110 16523 19670 20385
3,200,837=11479
3,202,355=9652
3,203,000=7735
3,205,000=3740
3,206,000=2807
3,207,000=7107
3,208,472=6051
3,208,802=14630
3,209,000=4803
3,211=18748 18753 19444
3,212,000=6084
3,213,000=15153 20975
3,213,310=5317 5543
3,214,159=4101
3,216,000=16297
3,217,000=13715
3,217,500=3668 4169
3,220,000=6287
3,220,163=11416
3,221,000=20440
3,222.5=15871 15890
3,223,008=8890
3,225,512=3680
3,227,625=11338
3,229,000=4972
3,231,000=21193
3,234,000=5682
3,235,000=17791
3,235,907=8935
3,236,000=21352
3,237,235=10053
3,239,000=9869
3,240,000=13854
3,242,588=1283
3,242,641=5076
3,243,000=1063
3,244,000=560
3,248=14651
3,250=6486 13250
3,250,000=8986 9251 19130
3,253,239=20480
3,253.8=13803
3,254,000=3604
3,254,301=4307
3,256=12254
3,257=4022 14554 14572
3,257,000=21405
3,259,000=21146
3,261,000=10870
3,262,000=2708 21460
3,262,161=3625 3704
3,263,000=8391
3,264,000=6504
3,267=7075 10398
3,267,019=4556
3,270.0=15871
3,271,000=9274
3,275=18577
3,275,225=12254
3,276,404=12240
3,276,776=20284
3,277,976=2488
3,280=13250
3,282,478=10046
3,284,955=4765
3,288,000=1445
3,288,720=20507
3,289,000=1284 1288
3,292,663=10839
3,292,733=12914
3,295,000=5334
3,296,000=5573 10534
3,296,110=6642
3,296,982=15704
3,299=12123 19979
3,299,000=16371
3,299,686=7714
3,300=1733 6490 6949 21473
3,300,000=3817 4814 7646 7755 8708 8730 9605 15065 16371 19704 20385 21222 21448
3,301,000=20630
3,302,000=7629 7645 7823
3,304.1=1932
3,306.40=20986
3,307,000=11570
3,308=17440 17460
3,308,000=20421 21195
3,309,000=15315 15354 17988 21405
3,309,017=20140
3,310,000=9235
3,310,585=16825
3,310.9=15871
3,311,000=2316
3,312,460=16872
3,313,000=1554
3,314=15504
3,315,654=8027
3,315,834=12035
3,317,104=5076
3,319=17505
3,320,000=74 14983 20660
3,320,206=9260
3,321,000=5898 11047 12154 12920
3,322,032=11416
3,324,000=1602 5898
3,325=5283
3,325,000=5731
3,326,000=6175 20879
3,326.9=13803
3,328,000=8976
3,329,000=9111
3,330,000=1364 11743
3,333,000=6701
3,333,333=12671
3,334=14783
3,335,029=15205
3,336,000=12596
3,337,000=1084
3,337,284=11307
3,338,000=780
3,339,000=210
3,339,174=9652
3,340,000=16284
3,342=12892 13216
3,342,000=603
3,342,0000=731
3,345,000=11320
3,346,000=3629 7953
3,346,555=21100
3,346,627=9097
3,348,000=11633
3,350=14953
3,350,000=10853 20655
3,354=12257
3,354,000=6787
3,355,563=20926
3,358=8939 9046
3,358,000=1461
3,358,664=15601
3,360,527=15704
3,362.39=20099
3,363,000=7970
3,364,058=11967
3,366,667=6523
3,367,000=3894
3,369=8087
3,370,000=3971
3,370,682=15521
3,371=14289
3,371,000=6523
3,372,000=449
3,372,970=6837
3,373=17440
3,374,000=9807
3,375,000=4732
3,376=15953
3,376,000=13
3,377,157=3557
3,378,000=15028
3,383,651=6837
3,384,000=20801
3,384,726=9428
3,386,000=998
3,387,000=5738
3,388=3901
3,392,000=5582
3,393,000=21489
3,395,933=13165
3,397,000=16538
3,398,000=5723 20885
3,398,893=11687
3,399,993=5078
3,400=3901 3953 6481 17731 20022
3,400,000=4737 7730 11333 12144 15495 15854
3,401,000=20119
3,403,914=19308
3,406,841=1366
3,408,000=20378
3,408,481=5451
3,408,813=17837
3,409,000=7948 21215
3,410,000=8581 20794
3,411,000=20779
3,413,000=10980
3,414,145=4219
3,416,624=119
3,417,659=5437
3,418,000=698
3,418,594=6837
3,419,000=5422
3,419.0=8475
3,422,000=15189
3,423,000=16911
3,424,729=401
3,425,000=4404
3,425,187=15851
3,425,216=15521
3,425,400=6837
3,426=3132
3,426,000=456 19978
3,428-teu=19073
3,430,000=20494
3,430,970=16912
3,431,000=8424
3,431,669=646
3,432,000=14983
3,432,746=15851
3,433,000=4791 9625
3,435=1057
3,439,065=20507
3,441,513=6809
3,442,000=16918 20279
3,443,392=1283
3,444,000=594
3,445,000=15559 18283
3,446,000=20476 20879
3,446,348=5976
3,446,752=6323
3,448,218=21214
3,449,000=2548
3,450=15953
3,450,000=167 10500 10538 17965 18895
3,451,000=1391
3,454,000=846 21474
3,454,577=16921
3,455,000=17703
3,457,000=5967
3,458,000=6540 18769
3,460,217=2337
3,461,000=10254
3,461,674=16670
3,463,000=15985
3,464,269=10094
3,465=4436
3,465,085=19099
3,466,000=12014 20630
3,467,099=21214
3,469=1609
3,470,000=21173
3,470,859=16921
3,472,700=17848
3,475,000=7672
3,477,188=21232
3,479=2765 9607 15953
3,479,744=6549
3,482,066=7079
3,482,800=2252
3,483,000=9113
3,484,000=19801
3,485,000=3730
3,485,085=19334
3,487,693=6051
3,489,000=7133
3,489,342=20507
3,491,030=3013 3039
3,492,000=20947
3,492.9=20305
3,495,579=11031
3,496,000=21227
3,498,000=14983
3,498,780=638
3,499,000=538 16486
3,499,219=21178
3,500=1979 2018 2094 2372 6913 7351 7367 7440 8441 9400 11624 12161 12319 12956 16093 16749 17258 17460 18371 18851 18865 19392 20307 20867
3,500,000=1351 1490 2575 4423 4438 7270 8854 8877 9488 10114 11408 11988 12103 12189 14955 15031 18079 19108 19688 20954
3,501=1702 20961
3,501,000=420 435 5901 6175
3,504,000=1585 16719
3,506,066=10879
3,506,112=12681
3,508,000=1184 16365
3,509,000=2234 7953
3,510,000=20476
3,512,000=12031 20920
3,514,000=6420
3,516,000=9267
3,517,000=7948
3,518,515=16625
3,519,251=12239
3,522,000=7830
3,527,000=3730
3,532,000=20825
3,533,000=4747
3,535,205=1525
3,538,000=9278
3,539,000=2496
3,541,000=1569
3,542,217=1446
3,543,000=3971 6271
3,545,000=8291 8559
3,546,000=10534
3,546,543=18290
3,548,000=11884
3,549,000=12352
3,550=15953
3,551,429=6747
3,552,000=21240
3,555,000=8289
3,555,293=8530
3,556,000=11543 21053
3,556,424=20747
3,558,000=1566 3602
3,560=18875
3,561,000=17543
3,562,151=1449
3,562.1=16116
3,563,000=3867
3,564,200=6078
3,564,451=20814
3,567=13108
3,567,123=1229
3,567,138=5654
3,568=7174
3,568,000=9807
3,570,585=4160
3,578,000=20562
3,579,000=20376
3,580=2765
3,581,000=1258
3,581.3=7099
3,582.17=12777
3,583,653=6523
3,584,000=2663
3,586=15953
3,586,000=20415 21262
3,586,914=10600
3,588,000=5994
3,589,000=12562
3,590,000=19474
3,594,000=2333 7597
3,595=12496 17336
3,600=13200 14378 17312
3,600,000=983 1229 1384 5968 5986 7045 20291
3,603=4721 4738
3,603,000=6146
3,603.9=17091
3,604,000=6146 6681 16888
3,605=14546
3,605,000=2421 11713
3,606,000=2602 10598
3,606,689=16625
3,607,000=3633 3908 9682
3,608,000=11499
3,611,802=399
3,612,300=21192
3,612,626=21214
3,613,672=21214
3,614,000=6146 8528
3,615,000=5316 21300 21447
3,615,550=10966
3,616,000=8767
3,616,183=15000
3,619,000=11966
3,620,000=5334 5582
3,621,000=2518 5493
3,623,067=8890
3,624,000=739 18699
3,624,528=17751
3,629,000=1245 20655
3,630.0=18665
3,631,000=5493
3,633,217=1644
3,635,565=4313
3,637,000=2674
3,640,000=19217
3,645,000=20801
3,647=4436 6856
3,648,000=10925
3,649,000=8270 20606 20932
3,650,000=1316 10232
3,650,322=9003
3,651,000=202
3,651,505=10600
3,654,810=20527
3,654,986=21166
3,655,000=15881
3,656,000=14300
3,658,000=18816
3,659,600=8286 8317
3,660=7174
3,660,273=483 783
3,661,565=5555 5563
3,662,000=8391
3,665,000=20879
3,666,000=5632
3,667,313=17837
3,668,000=19178
3,669,000=11543
3,669,602=638
3,670,000=2839 4775
3,671,000=20659
3,672,000=18591
3,672,731=18606
3,673,000=5018 11878 20770
3,674,000=5545
3,675,000=5314
3,676,000=16705
3,676,296=1157
3,677=4436
3,677,272=199
3,680,000=557
3,682,000=2047 18166 20634 21308
3,683,000=10974 20257
3,684,000=21298
3,684.1=15871
3,686,000=5377 7723 7848 7872
3,687,000=21271
3,687,160=1494
3,688,000=19375
3,688,890=592
3,689,770=12914
3,690,000=20477
3,691.0=8475
3,692,000=9682
3,695,465=1657
3,696,000=15807
3,698=385
3,699=367
3,699,000=10538
3,700=3901 4022 5209 10519 11178 14694
3,700,000=1467 2047 11318 16795 21447
3,700,712=1438
3,701,000=9235 14297 17007 17118
3,704=8939
3,705,000=145
3,712,860=16872
3,713,000=6146
3,715=12814
3,717=340 10135
3,717,000=5950
3,717,794=12898
3,718,000=573 728
3,718,325=4814
3,718,908=19142
3,720,640=12255
3,721,000=16219 20448
3,721,178=9678
3,722=10135
3,722,000=1111 6227
3,722,833=13113
3,723,000=20658
3,725,000=10937
3,727,063=12255
3,728,000=12869
3,730,000=6738
3,731,900=20507
3,732,000=16668
3,733,000=3681
3,739=7842
3,740,970=5029
3,743,000=14314
3,744,000=5595
3,744,535=16580
3,748,357=7079
3,749,401=19155
3,750=8087
3,750,000=2736 4217 7243 7480 12930 19688
3,752,641=20926
3,756,000=6495 21049
3,757,000=3738
3,757.7=15871
3,761,000=98
3,763,000=8814
3,763,829=18606
3,766,000=9274
3,768,000=8738
3,769,347=680
3,770,000=8292
3,770,341=3676 4239 4292
3,772=14651 17617
3,772,000=1003
3,772,639=8300
3,775,000=20440
3,778=1897
3,778,000=4021
3,779.2=439
3,780,543=6552 6679
3,780,626=20421
3,781,000=10973
3,781,245=20814
3,781,970=1177
3,784,000=8986
3,785,607=11031
3,785,688=13110
3,786=4899 5039
3,787,507=6505
3,788,000=10254
3,789,000=2674 20476
3,790,000=16848
3,790,235=15679
3,791=15953
3,792,138=5654
3,798,000=20353
3,799,000=2338 5898
3,800=1897 3717 4973 5039 13134 18697
3,800,000=5409 11359 13614 16888 18703
3,801,7=438
3,803,000=1460
3,803,425=15521
3,805=1897
3,805,000=6179
3,808=1139 1145 1481
3,808,000=449 20195
3,811,200=14524
3,812,000=20913
3,814,141=1528
3,814,891=4541
3,816,580=1528
3,818,258=15984
3,819,678=8300
3,820,000=8860
3,821,000=6785 20561
3,822,894=7133
3,824,000=7734
3,831.5=15871
3,833,000=16817
3,834,117=15023
3,836,794=9003
3,837.9=15871
3,842=9083
3,843,000=20885
3,845,000=3971 6504 10682
3,845,438=680
3,846,000=12505
3,847,375=5309
3,848,000=5390
3,849,224=14995
3,849,659=592
3,852=222
3,854,821=17672
3,856,000=16911
3,857,000=5494
3,857,122=19790
3,858,000=2047
3,859,000=4363
3,860,000=10925
3,862=1609
3,862,000=2048
3,863,000=6329 9113
3,864,000=4494
3,864,187=21286
3,865=14651 15875
3,865,000=12115 16806
3,868,000=21179
3,868,888=4370
3,870,511=9029
3,871=15953
3,875=3822
3,877,000=846
3,878,700=21228
3,880=8872 8874
3,880,000=16527
3,880.6=15871 15890
3,882,235=12255
3,883,000=9625
3,888,000=21480
3,889,000=21256
3,890,000=2778 21053
3,892,000=8236
3,893,000=21114
3,894,000=5576
3,894,844=9994
3,895,267=10053
3,895,741=6242
3,895.9=16118
3,896,000=18028
3,897,000=8879
3,898=385
3,899,000=20561
3,900,000=3574 3646 7173 9605 11736 20113
3,904,373=11031
3,906,250=11042
3,908,000=8291 9625
3,910,652=8530
3,912,000=4142 4143
3,914,000=7190
3,914,968=9252
3,915,370=4541
3,916,000=1031
3,922,000=19304
3,922,533=16687
3,923,000=6601
3,925=3340
3,926,000=142 6668
3,927,000=21300 21447
3,930=14793 20653
3,930,000=1650
3,930,360=9652
3,931,580=4370
3,932,064=4521
3,933,000=21224
3,934=13865
3,934,000=6696
3,935,000=10925
3,935,969=5976
3,936,000=5015
3,937,000=6850
3,938,000=16798
3,941,764=9429
3,945,000=606
3,948,000=21489
3,948,719=19704
3,950,000=3786
3,951,000=4794
3,952,000=16705
3,953,822=4337
3,954,000=3903 9316
3,956,126=4541
3,957=758
3,959,011=16441
3,960,000=16385
3,962,000=3903
3,963,000=6458 6670 12115 21489
3,964,000=19368
3,965,000=5015
3,966,667=6523
3,966,678=13116
3,969,444=11336
3,971,000=24 7272
3,978=14783
3,979,580=16687
3,980,000=20468 20900
3,982,000=8424
3,983=9083
3,983,692=5976
3,985,924=5976
3,986,000=4805
3,989=12224
3,992,000=20401
3,994=2019
3,994,347=680
3,994,808=1655
3,995=12090
3,997,000=20279
3,997,100=20457
3,998,000=8865 10254 21112
3,999=17482
3,9i3,523=6520
3-1/2=660 1129 1682 1784 1900 2495 4005 4503 4514 4602 5127 5252 5759 9638 9859 11114 11817 11848 12407 12425 12466 13125 13231 13396 14008 14015 14242 14780 16352 17166 17191 17246 17497 19086 19108 19149 19389 19834
3-1/2-inch=17711
3-1/4=613 954 2952 3620 7380 13231 13904 14008 17191
3-1/8=485 1634 3142 4391 9947 16713 17166
3-2=16630
3-3/4=2379 2952 6849 8853 12213 14242
3-3/8=3142 3261 10017 10396 15471 15481 20816
3-4.5=17121
3-5/16=16684
3-5/8=13221 19389
3-6=16026
3-7/8=12780 13379 15625
3-d=8295 17369
3-for-1=21359
3-for-2=202 1063 2005 6115 6279 7954 9599 10163 11478 16454 20241 20706 21232 21437
3-month=12210
3.0=644 867 1388 1971 3016 3034 3117 3951 3952 4014 4152 4470 4777 4934 5037 5061 5647 5805 6190 7031 7226 7963 7986 8283 8611 8624 8981 9176 9869 10045 10349 10385 10567 11160 11331 11350 11889 12407 12434 12456 12466 12471 12790 13281 13331 13738 14657 15427 15539 15551 15742 16270 16360 16601 17085 17161 17352 17391 17402 19017 19363 19709 19986 20116 20138 20255 21060
3.00=572 9583 9754 10017 14503 14675 14685 15099 15877 15910 15925 16116 19136 20286
3.00-4.00=3893
3.000=8004
3.01=4353 5765 12860 14675
3.02=2378 10598 11220 18539
3.03=48 97 896 1369 2061 5207 7579 14675 17237 21330
3.035=464
3.038=5049
3.04=97 5614 7408 7838 8174 8271 8277 10116 10268 10375 10406 10688 14675 16775 17933 19110 19926 20215
3.05=97 293 310 3657 6948 11802 13482 13738 14371 15906 15925 16116 16874 17057 20324
3.054=2467
3.0577=7845
3.06=97 416 1423 2428 3161 4015 4893 17062 18579 19198
3.062=9012
3.065=880
3.06809=14664
3.07=14 23 97 772 4047 5207 7013 7441 8179 8615 9702 14675 15986 17062 20392 20826
3.073=3930
3.08=14 23 97 2342 6935 9133 15351 15875 15906 16879
3.09=65 6202 9634 13022 15380
3.1=260 496 717 867 880 940 988 1068 1079 1272 1344 1386 1576 1608 1752 1919 1955 1990 2686 2775 2799 2821 3195 3516 3564 3977 4304 4357 4640 4884 4915 5065 5219 5244 5358 6464 6541 6953 7015 7222 7439 8096 8969 9741 9866 9874 9908 10040 10909 11160 11335 11350 11846 12069 12247 12346 12555 12721 13203 13252 13265 13393 13803 13826 13890 15281 15295 15351 15551 15871 16248 16277 16533 17085 17140 17161 17427 17506 17646 18019 18094 18324 18491 19017 19200 19930 19986 20095 20187 20358 20783 20807 21229 21379
3.10=97 416 1990 4132 4623 6410 7826 13331 14177 14461 14900 15914 15925 18134 18162 18199 21436
3.11=97 6905 12887 14675 17427 18539 21142
3.12=97 3649 4304 4470 6653 6699 10275 11220 11835 12782 14675 21109 21435
3.13=293 3968 13717 13892 18438 19254 20833 20999 21302
3.14=1582 1583 2311 4562 4574 5726 6890 8644 9521 12160 14675 15043 16865 21412
3.15=5 880 1681 3860 12069 12432 12444 13799 14486 15351 15906 15925 15952 18681 18734 18776 21016
3.15p=3456
3.16=97 1917 5055 5264 6047 9728 9734 11349 11504 15573 15906 19198 19590 20912
3.16-billion-dlr-offer=11661
3.17=97 1946 2205 2221 4470 6601 7836 8179 8684 8979 10436 14675 17380
3.18=1469 2366 6999 7423 9549 14675 20064
3.19=6935 9360 14675 17427 19254 20026
3.19548=14664
3.1p=18514
3.2=6 271 496 1347 1439 1582 1676 1682 1752 1856 2033 2186 2715 3019 3031 3065 3188 3306 3352 3507 3516 3613 3981 4108 4212 4304 4602 4989 5172 5805 6111 6113 6220 6464 6784 6890 6910 6965 7091 7129 7423 7447 7583 7903 8117 8191 8283 8350 8746 8995 9176 9521 9552 9636 9732 10190 10285 10340 10703 10891 11086 11095 11225 11331 11673 11732 11773 12029 12160 12351 12387 12407 12466 12832 12848 12938 12957 13015 13393 13803 14500 14941 15043 15103 15239 15324 15509 15594 15762 15840 15871 16270 16487 16603 16893 16937 16939 16990 17199 17441 17477 17839 17916 18274 18352 18366 19429 19653 19986 20116 20517 20569 20764 21073 21332
3.20=422 3743 4495 9543 12878 13588 14371 14685 14699 15103 15351 15851 15922 16116 17164
3.20316=14664
3.21=2101 5726 7893 9728 9734 13022 17427
3.22=898 1100 2806 4629 9909 13331 14675 16130 16215 16680 18134 18301 19772
3.23=97 6040 6047 7013 7836 8158
3.23-3.28=14371
3.2384=7840
3.24=3954 13115 14675 17251 18345 21016
3.246=3447 3530
3.25=5 179 299 714 983 986 1269 2053 4012 5767 5888 6040 8179 8746 9978 11196 11448 11650 11782 11827 12084 12771 13799 14417 14486 15680 15952 16873 17896 18197 18987 19075 20026
3.25-y=5 13799 14486 15952
3.251=1154
